#          omega_b,        omega_cdm,               H0,              A_s,              n_s,         tau_reio,           A_lens, parameters_smg__2,         A_planck,           z_reio,          Omega_m,              YHe,           sigma8
 6.127872e-08	-3.060545e-07	 1.780213e-04	 5.851202e-15	 8.714267e-07	 1.611927e-06	 6.743362e-06	-1.785846e-07	 1.620565e-09	 1.245667e-04	-2.103537e-06	 2.596256e-08	 3.304815e-07	
-3.060545e-07	 4.349630e-06	-1.951086e-03	-8.012702e-14	-1.035509e-05	-2.298948e-05	-2.186768e-05	 1.717087e-06	-2.326758e-07	-1.924128e-03	 2.597833e-05	-1.296706e-07	-4.475272e-06	
 1.780213e-04	-1.951086e-03	 9.354989e-01	 3.702276e-11	 4.855507e-03	 1.047740e-02	 1.472310e-02	-8.838148e-04	 9.379183e-05	 8.674828e-01	-1.209456e-02	 7.542461e-05	 2.327802e-03	
 5.851202e-15	-8.012702e-14	 3.702276e-11	 4.322824e-21	 2.319234e-13	 1.066821e-12	 6.726948e-14	 7.592390e-14	 1.570578e-14	 9.399868e-11	-4.869832e-13	 2.479354e-15	 4.692015e-13	
 8.714267e-07	-1.035509e-05	 4.855507e-03	 2.319234e-13	 3.522484e-05	 6.466304e-05	 8.865696e-05	-3.124171e-06	 7.583928e-07	 5.439597e-03	-6.336741e-05	 3.691765e-07	 1.976497e-05	
 1.611927e-06	-2.298948e-05	 1.047740e-02	 1.066821e-12	 6.466304e-05	 2.732177e-04	 2.760839e-05	 1.542581e-05	-1.632860e-06	 2.400654e-02	-1.386302e-04	 6.829703e-07	 1.111327e-04	
 6.743362e-06	-2.186768e-05	 1.472310e-02	 6.726948e-14	 8.865696e-05	 2.760839e-05	 4.683246e-03	 6.450392e-06	-1.299031e-06	 5.319573e-04	-1.635656e-04	 2.854876e-06	-7.022010e-05	
-1.785846e-07	 1.717087e-06	-8.838148e-04	 7.592390e-14	-3.124171e-06	 1.542581e-05	 6.450392e-06	 1.720567e-05	 2.109367e-07	 1.482967e-03	 1.116371e-05	-7.567423e-08	-5.369039e-06	
 1.620565e-09	-2.326758e-07	 9.379183e-05	 1.570578e-14	 7.583928e-07	-1.632860e-06	-1.299031e-06	 2.109367e-07	 5.585388e-06	-1.495627e-04	-1.337321e-06	 7.510533e-10	 2.084809e-06	
 1.245667e-04	-1.924128e-03	 8.674828e-01	 9.399868e-11	 5.439597e-03	 2.400654e-02	 5.319573e-04	 1.482967e-03	-1.495627e-04	 2.123403e+00	-1.155848e-02	 5.279349e-05	 9.977832e-03	
-2.103537e-06	 2.597833e-05	-1.209456e-02	-4.869832e-13	-6.336741e-05	-1.386302e-04	-1.635656e-04	 1.116371e-05	-1.337321e-06	-1.155848e-02	 1.586036e-04	-8.913790e-07	-2.957538e-05	
 2.596256e-08	-1.296706e-07	 7.542461e-05	 2.479354e-15	 3.691765e-07	 6.829703e-07	 2.854876e-06	-7.567423e-08	 7.510533e-10	 5.279349e-05	-8.913790e-07	 1.100030e-08	 1.401964e-07	
 3.304815e-07	-4.475272e-06	 2.327802e-03	 4.692015e-13	 1.976497e-05	 1.111327e-04	-7.022010e-05	-5.369039e-06	 2.084809e-06	 9.977832e-03	-2.957538e-05	 1.401964e-07	 8.533122e-05	
