#          omega_b,        omega_cdm,               H0,              A_s,              n_s,         tau_reio, parameters_smg__2,         A_planck,           z_reio,              YHe,           sigma8
 6.861306e-08	-3.801389e-07	 2.084666e-04	 6.839177e-15	 1.091669e-06	 2.001022e-06	-3.825332e-07	-2.311502e-08	 1.680843e-04	 2.963547e-08	 6.829280e-07	
-3.801389e-07	 5.467086e-06	-2.289952e-03	-8.216586e-14	-1.259234e-05	-2.549950e-05	 3.517291e-06	-7.096669e-08	-2.246159e-03	-1.644404e-07	-4.837981e-06	
 2.084666e-04	-2.289952e-03	 1.112466e+00	 3.967474e-11	 5.945639e-03	 1.171912e-02	-1.664395e-03	 1.181303e-05	 1.023751e+00	 8.994277e-05	 3.546516e-03	
 6.839177e-15	-8.216586e-14	 3.967474e-11	 4.925539e-21	 2.666362e-13	 1.230729e-12	 8.778010e-14	 4.548822e-15	 1.144116e-10	 2.945964e-15	 5.840523e-13	
 1.091669e-06	-1.259234e-05	 5.945639e-03	 2.666362e-13	 4.558224e-05	 7.793930e-05	-7.229158e-06	-1.829657e-07	 6.985669e-03	 4.710132e-07	 2.962551e-05	
 2.001022e-06	-2.549950e-05	 1.171912e-02	 1.230729e-12	 7.793930e-05	 3.258421e-04	 1.522073e-05	-7.511282e-06	 3.042277e-02	 8.643998e-07	 1.415974e-04	
-3.825332e-07	 3.517291e-06	-1.664395e-03	 8.778010e-14	-7.229158e-06	 1.522073e-05	 2.409367e-05	 8.852730e-07	 1.527936e-03	-1.654947e-07	-8.310459e-06	
-2.311502e-08	-7.096669e-08	 1.181303e-05	 4.548822e-15	-1.829657e-07	-7.511282e-06	 8.852730e-07	 8.252024e-06	-8.463069e-04	-1.113923e-08	-8.387870e-07	
 1.680843e-04	-2.246159e-03	 1.023751e+00	 1.144116e-10	 6.985669e-03	 3.042277e-02	 1.527936e-03	-8.463069e-04	 2.880143e+00	 7.276667e-05	 1.345887e-02	
 2.963547e-08	-1.644404e-07	 8.994277e-05	 2.945964e-15	 4.710132e-07	 8.643998e-07	-1.654947e-07	-1.113923e-08	 7.276667e-05	 1.280616e-08	 2.933186e-07	
 6.829280e-07	-4.837981e-06	 3.546516e-03	 5.840523e-13	 2.962551e-05	 1.415974e-04	-8.310459e-06	-8.387870e-07	 1.345887e-02	 2.933186e-07	 1.148460e-04	
