#          omega_b,        omega_cdm,               H0,              A_s,              n_s,         tau_reio, parameters_smg__2,        A_cib_217,        xi_sz_cib,             A_sz,     ps_A_100_100,     ps_A_143_143,     ps_A_143_217,     ps_A_217_217,         ksz_norm,     gal545_A_100,     gal545_A_143, gal545_A_143_217,     gal545_A_217,       calib_100T,       calib_217T,         A_planck,           z_reio,              YHe,           sigma8
 1.034090e-07	-4.068298e-07	 2.399384e-04	 1.317521e-14	 1.067473e-06	 4.480311e-06	 7.756004e-07	-6.809114e-05	-1.874857e-05	-1.728008e-04	-5.777929e-04	-1.149572e-03	-1.911921e-03	-1.654931e-03	 1.868610e-06	 2.113686e-04	-3.213660e-05	-1.376367e-04	-9.581457e-05	-5.673627e-09	-8.982468e-09	-9.423541e-07	 3.980518e-04	 4.424545e-08	-1.366047e-07	
-4.068298e-07	 2.786959e-06	-1.433620e-03	-8.856237e-14	-4.510523e-06	-2.762789e-05	-5.014131e-06	-1.126926e-04	 3.953686e-05	 8.024774e-04	-2.631942e-03	 3.976999e-03	 8.988126e-03	 9.745500e-03	-1.415705e-03	-8.089047e-04	 1.083915e-05	-1.009232e-03	-2.475810e-03	-8.361057e-08	-3.106833e-07	 3.986447e-06	-2.433825e-03	-1.743584e-07	 6.431311e-07	
 2.399384e-04	-1.433620e-03	 7.614032e-01	 4.620885e-11	 2.793102e-03	 1.467401e-02	 2.546015e-03	-9.180721e-02	-2.632234e-02	-4.577917e-01	 2.981107e-01	-2.464177e+00	-5.029215e+00	-5.171662e+00	 5.543066e-01	 4.755981e-01	-5.531458e-02	 3.688510e-01	 1.108385e+00	 2.504414e-05	 1.377311e-04	-2.339074e-03	 1.294807e+00	 1.027620e-04	-1.176468e-04	
 1.317521e-14	-8.856237e-14	 4.620885e-11	 2.940324e-21	 1.641766e-13	 9.106593e-13	 1.453668e-13	-2.340913e-12	-1.314667e-12	-2.670308e-11	 5.495698e-11	-1.433181e-10	-3.091357e-10	-3.302146e-10	 4.442126e-11	 2.410952e-11	-6.344459e-12	 3.858751e-11	 1.047823e-10	 2.296922e-15	 1.413089e-14	-1.305225e-13	 8.050403e-11	 5.644308e-15	 3.044783e-14	
 1.067473e-06	-4.510523e-06	 2.793102e-03	 1.641766e-13	 4.302829e-05	 5.959693e-05	 5.046286e-06	-2.101722e-02	 1.716817e-05	 4.841069e-05	-7.788272e-02	-1.750475e-02	-1.191236e-02	 3.488150e-03	-7.769754e-03	 2.567595e-03	-2.196075e-03	 5.557528e-03	 1.891697e-02	-2.472713e-07	-9.703208e-08	-1.420429e-05	 5.019734e-03	 4.540440e-07	 1.625014e-05	
 4.480311e-06	-2.762789e-05	 1.467401e-02	 9.106593e-13	 5.959693e-05	 2.874019e-04	 4.629370e-05	-4.960394e-03	-4.016662e-04	-8.681527e-03	-4.826245e-03	-4.775493e-02	-9.613372e-02	-9.912089e-02	 1.031277e-02	 8.599080e-03	-2.115685e-03	 1.006747e-02	 2.945549e-02	 4.151222e-07	 3.512544e-06	-4.498293e-05	 2.535079e-02	 1.918357e-06	 7.933804e-06	
 7.756004e-07	-5.014131e-06	 2.546015e-03	 1.453668e-13	 5.046286e-06	 4.629370e-05	 1.079439e-05	 1.544726e-03	-1.234998e-04	-1.350863e-03	 9.911640e-03	-6.571812e-03	-1.557309e-02	-1.644777e-02	 2.669316e-03	 1.758534e-03	 6.875031e-04	 4.157276e-04	 2.519273e-04	 2.198631e-07	 4.102339e-09	-6.949952e-06	 4.065908e-03	 3.326914e-07	-7.574921e-06	
-6.809114e-05	-1.126926e-04	-9.180721e-02	-2.340913e-12	-2.101722e-02	-4.960394e-03	 1.544726e-03	 3.137331e+01	-1.592837e-01	-1.172365e+00	 4.106580e+01	 7.162072e+00	-9.367843e+00	-3.916304e+01	 5.150679e+00	-4.829609e-01	 2.559752e+00	-9.688520e-01	-1.655495e+01	-1.342889e-03	 2.022086e-03	 4.186521e-03	-2.536020e-01	-2.735093e-05	-8.773018e-03	
-1.874857e-05	 3.953686e-05	-2.632234e-02	-1.314667e-12	 1.716817e-05	-4.016662e-04	-1.234998e-04	-1.592837e-01	 8.428197e-02	-6.999623e-02	-6.748232e-01	 1.844538e+00	 2.542059e+00	 3.969320e-01	-5.250041e-02	-1.263110e-01	 5.335273e-02	 4.856572e-01	 4.430891e-01	-4.828061e-05	 5.335048e-05	-3.118312e-05	-3.860525e-02	-8.047742e-06	 1.439286e-04	
-1.728008e-04	 8.024774e-04	-4.577917e-01	-2.670308e-11	 4.841069e-05	-8.681527e-03	-1.350863e-03	-1.172365e+00	-6.999623e-02	 2.479147e+00	-1.094691e+01	-2.219482e+00	 4.045847e+00	 5.623648e+00	-1.134425e+00	-6.324543e-02	-1.342361e-01	 1.011777e+00	 3.488690e-01	 3.303492e-04	-5.567410e-04	 1.907753e-03	-7.905072e-01	-7.403994e-05	 3.330171e-04	
-5.777929e-04	-2.631942e-03	 2.981107e-01	 5.495698e-11	-7.788272e-02	-4.826245e-03	 9.911640e-03	 4.106580e+01	-6.748232e-01	-1.094691e+01	 7.039698e+02	 5.741602e+01	-3.270343e+01	-6.055327e+01	 1.799555e+01	-1.459850e+01	 1.701963e+00	-3.643594e-01	-3.914925e+00	 1.031575e-02	-3.034561e-04	 1.302855e-02	 1.727520e-01	-2.395886e-04	-3.369825e-02	
-1.149572e-03	 3.976999e-03	-2.464177e+00	-1.433181e-10	-1.750475e-02	-4.775493e-02	-6.571812e-03	 7.162072e+00	 1.844538e+00	-2.219482e+00	 5.741602e+01	 8.382165e+01	 8.345957e+01	 2.288290e+01	-9.675823e+00	-8.315481e+00	 2.860850e+00	 1.499293e+01	 6.713419e+00	-1.192714e-03	 8.765806e-05	 6.428870e-03	-4.245030e+00	-4.915574e-04	-4.474964e-03	
-1.911921e-03	 8.988126e-03	-5.029215e+00	-3.091357e-10	-1.191236e-02	-9.613372e-02	-1.557309e-02	-9.367843e+00	 2.542059e+00	 4.045847e+00	-3.270343e+01	 8.345957e+01	 1.296696e+02	 6.752323e+01	-1.490575e+01	-7.953234e+00	 2.689333e+00	 1.315098e+01	 5.506829e+00	-9.224831e-04	-1.318835e-03	 1.133706e-02	-8.676649e+00	-8.194033e-04	-7.692878e-04	
-1.654931e-03	 9.745500e-03	-5.171662e+00	-3.302146e-10	 3.488150e-03	-9.912089e-02	-1.644777e-02	-3.916304e+01	 3.969320e-01	 5.623648e+00	-6.055327e+01	 2.288290e+01	 6.752323e+01	 1.080019e+02	-1.625392e+01	-4.040096e+00	-1.314974e+00	-4.165417e+00	 3.101319e+00	 1.368730e-03	-4.945577e-03	 1.117718e-02	-9.038566e+00	-7.105085e-04	 2.558395e-03	
 1.868610e-06	-1.415705e-03	 5.543066e-01	 4.442126e-11	-7.769754e-03	 1.031277e-02	 2.669316e-03	 5.150679e+00	-5.250041e-02	-1.134425e+00	 1.799555e+01	-9.675823e+00	-1.490575e+01	-1.625392e+01	 9.870094e+00	 1.565432e+00	-2.232079e-01	-3.059177e+00	-2.668912e+00	 1.972851e-04	 9.424854e-04	 2.036326e-03	 9.790907e-01	 1.841508e-06	-2.750833e-03	
 2.113686e-04	-8.089047e-04	 4.755981e-01	 2.410952e-11	 2.567595e-03	 8.599080e-03	 1.758534e-03	-4.829609e-01	-1.263110e-01	-6.324543e-02	-1.459850e+01	-8.315481e+00	-7.953234e+00	-4.040096e+00	 1.565432e+00	 3.157381e+00	-2.419798e-02	-1.681073e+00	-9.951010e-01	 1.297904e-04	 2.094982e-05	-1.440090e-03	 7.529213e-01	 9.040539e-05	-9.053199e-04	
-3.213660e-05	 1.083915e-05	-5.531458e-02	-6.344459e-12	-2.196075e-03	-2.115685e-03	 6.875031e-04	 2.559752e+00	 5.335273e-02	-1.342361e-01	 1.701963e+00	 2.860850e+00	 2.689333e+00	-1.314974e+00	-2.232079e-01	-2.419798e-02	 2.118298e+00	 1.572636e+00	-2.485490e-01	-3.981586e-04	 1.911974e-04	 5.399147e-04	-1.902167e-01	-1.353137e-05	-2.754466e-03	
-1.376367e-04	-1.009232e-03	 3.688510e-01	 3.858751e-11	 5.557528e-03	 1.006747e-02	 4.157276e-04	-9.688520e-01	 4.856572e-01	 1.011777e+00	-3.643594e-01	 1.499293e+01	 1.315098e+01	-4.165417e+00	-3.059177e+00	-1.681073e+00	 1.572636e+00	 1.788381e+01	 2.592169e+01	-1.353806e-04	 2.653399e-03	-4.433953e-04	 8.272756e-01	-5.905907e-05	 5.130399e-03	
-9.581457e-05	-2.475810e-03	 1.108385e+00	 1.047823e-10	 1.891697e-02	 2.945549e-02	 2.519273e-04	-1.655495e+01	 4.430891e-01	 3.488690e-01	-3.914925e+00	 6.713419e+00	 5.506829e+00	 3.101319e+00	-2.668912e+00	-9.951010e-01	-2.485490e-01	 2.592169e+01	 5.686958e+01	 8.597961e-04	 5.767920e-03	-2.303843e-03	 2.468216e+00	-4.187935e-05	 1.642415e-02	
-5.673627e-09	-8.361057e-08	 2.504414e-05	 2.296922e-15	-2.472713e-07	 4.151222e-07	 2.198631e-07	-1.342889e-03	-4.828061e-05	 3.303492e-04	 1.031575e-02	-1.192714e-03	-9.224831e-04	 1.368730e-03	 1.972851e-04	 1.297904e-04	-3.981586e-04	-1.353806e-04	 8.597961e-04	 7.195189e-07	-1.836781e-07	 9.101422e-08	 3.683718e-05	-2.353468e-09	-2.514827e-07	
-8.982468e-09	-3.106833e-07	 1.377311e-04	 1.413089e-14	-9.703208e-08	 3.512544e-06	 4.102339e-09	 2.022086e-03	 5.335048e-05	-5.567410e-04	-3.034561e-04	 8.765806e-05	-1.318835e-03	-4.945577e-03	 9.424854e-04	 2.094982e-05	 1.911974e-04	 2.653399e-03	 5.767920e-03	-1.836781e-07	 1.991171e-06	 1.319372e-07	 3.227396e-04	-3.772117e-09	 1.612757e-06	
-9.423541e-07	 3.986447e-06	-2.339074e-03	-1.305225e-13	-1.420429e-05	-4.498293e-05	-6.949952e-06	 4.186521e-03	-3.118312e-05	 1.907753e-03	 1.302855e-02	 6.428870e-03	 1.133706e-02	 1.117718e-02	 2.036326e-03	-1.440090e-03	 5.399147e-04	-4.433953e-04	-2.303843e-03	 9.101422e-08	 1.319372e-07	 1.066154e-05	-3.950213e-03	-4.027849e-07	-1.202247e-06	
 3.980518e-04	-2.433825e-03	 1.294807e+00	 8.050403e-11	 5.019734e-03	 2.535079e-02	 4.065908e-03	-2.536020e-01	-3.860525e-02	-7.905072e-01	 1.727520e-01	-4.245030e+00	-8.676649e+00	-9.038566e+00	 9.790907e-01	 7.529213e-01	-1.902167e-01	 8.272756e-01	 2.468216e+00	 3.683718e-05	 3.227396e-04	-3.950213e-03	 2.240019e+00	 1.704534e-04	 6.988043e-04	
 4.424545e-08	-1.743584e-07	 1.027620e-04	 5.644308e-15	 4.540440e-07	 1.918357e-06	 3.326914e-07	-2.735093e-05	-8.047742e-06	-7.403994e-05	-2.395886e-04	-4.915574e-04	-8.194033e-04	-7.105085e-04	 1.841508e-06	 9.040539e-05	-1.353137e-05	-5.905907e-05	-4.187935e-05	-2.353468e-09	-3.772117e-09	-4.027849e-07	 1.704534e-04	 1.893156e-08	-6.015469e-08	
-1.366047e-07	 6.431311e-07	-1.176468e-04	 3.044783e-14	 1.625014e-05	 7.933804e-06	-7.574921e-06	-8.773018e-03	 1.439286e-04	 3.330171e-04	-3.369825e-02	-4.474964e-03	-7.692878e-04	 2.558395e-03	-2.750833e-03	-9.053199e-04	-2.754466e-03	 5.130399e-03	 1.642415e-02	-2.514827e-07	 1.612757e-06	-1.202247e-06	 6.988043e-04	-6.015469e-08	 2.476784e-05	
