#           omega_b,        omega_cdm,               H0,              A_s,              n_s,         tau_reio, parameters_smg__2
1.000000000000000000e+00 -6.398911358025037854e-01 7.712457461199647701e-01 4.174997742095368780e-01 6.198906668530174136e-01 4.485542480152812095e-01 -1.725167308839257729e-01
-6.398911358025037854e-01 1.000000000000000000e+00 -9.707712720536841866e-01 -5.780982183891693049e-01 -8.391874058329339414e-01 -6.600967411266334128e-01 1.899097694662422176e-01
7.712457461199647701e-01 -9.707712720536841866e-01 1.000000000000000000e+00 5.932741454051468910e-01 8.455377546081439544e-01 6.630848103602081656e-01 -2.068959720024443893e-01
4.174997742095368780e-01 -5.780982183891693049e-01 5.932741454051468910e-01 1.000000000000000000e+00 6.075640748804730373e-01 9.804049953404304629e-01 2.916903830080424531e-01
6.198906668530174136e-01 -8.391874058329339414e-01 8.455377546081439544e-01 6.075640748804730373e-01 1.000000000000000000e+00 6.772967526751382250e-01 -1.041714940945996926e-01
4.485542480152812095e-01 -6.600967411266334128e-01 6.630848103602081656e-01 9.804049953404304629e-01 6.772967526751382250e-01 1.000000000000000000e+00 2.390977721678795020e-01
-1.725167308839257729e-01 1.899097694662422176e-01 -2.068959720024443893e-01 2.916903830080424531e-01 -1.041714940945996926e-01 2.390977721678795020e-01 1.000000000000000000e+00
