 Initializing Planck likelihood, version Plik_v18_cmbonly_like
 Initializing Planck likelihood, version Plik_v18_cmbonly_like
 Initializing Planck likelihood, version Plik_v18_cmbonly_like
 Initializing Planck likelihood, version Plik_v18_cmbonly_like
 Initializing Planck likelihood, version Plik_v18_cmbonly_like
 Initializing Planck likelihood, version Plik_v18_cmbonly_like
 BFLike Ntemp  =        2876
 BFLike Nq     =        1407
 BFLike Nu     =        1407
 BFLike Nside  =          16
 BFLike Nwrite =    32393560
 BFLike Ntemp  =        2876
 BFLike Nq     =        1407
 BFLike Nu     =        1407
 BFLike Nside  =          16
 BFLike Nwrite =    32393560
 BFLike Ntemp  =        2876
 BFLike Nq     =        1407
 BFLike Nu     =        1407
 BFLike Nside  =          16
 BFLike Nwrite =    32393560
 BFLike Ntemp  =        2876
 BFLike Nq     =        1407
 BFLike Nu     =        1407
 BFLike Nside  =          16
 BFLike Nwrite =    32393560
 BFLike Ntemp  =        2876
 BFLike Nq     =        1407
 BFLike Nu     =        1407
 BFLike Nside  =          16
 BFLike Nwrite =    32393560
 BFLike Ntemp  =        2876
 BFLike Nq     =        1407
 BFLike Nu     =        1407
 BFLike Nside  =          16
 BFLike Nwrite =    32393560
 cls file appears to have 5+ columns
 assuming it is a CAMB file with l, TT, EE, BB, TE
 cls file appears to have 5+ columns
 assuming it is a CAMB file with l, TT, EE, BB, TE
 cls file appears to have 5+ columns
 assuming it is a CAMB file with l, TT, EE, BB, TE
 cls file appears to have 5+ columns
 assuming it is a CAMB file with l, TT, EE, BB, TE
 cls file appears to have 5+ columns
 assuming it is a CAMB file with l, TT, EE, BB, TE
 cls file appears to have 5+ columns
 assuming it is a CAMB file with l, TT, EE, BB, TE
 info =            0
 info =            0
 info =            0
 info =            0
 info =            0
 info =            0
 /!\ Appending to an existing folder: using the log.param instead of
     input/test_noslip_lite.param
Running Monte Python v3.0.1

with CLASS v2.4.5

Testing likelihoods for:
 -> Planck_highl_lite, Planck_lowl, Planck_lensing

 /!\ PyFITS is deprecated, please use astropy.io.fits
----
clik version 6dc2a8cf3965
  plik_cmbonly
Checking likelihood '/scratch1/scratchdirs/micbru/NoSlip/planck/plc-2.0/../plc_2.0/hi_l/plik_lite/plik_lite_v18_TT.clik' on test data. got -101.798 expected -101.798 (diff 1.03567e-08)
----
In Planck_highl_lite, MontePython corrected nuisance parameter name A_Planck to A_planck
----
clik version 6dc2a8cf3965
  bflike_smw
Checking likelihood '/scratch1/scratchdirs/micbru/NoSlip/planck/plc-2.0/../plc_2.0/low_l/bflike/lowl_SMW_70_dx11d_2014_10_03_v5c_Ap.clik' on test data. got -5247.87 expected -5247.87 (diff 2.61964e-07)
----
Checking lensing likelihood '/scratch1/scratchdirs/micbru/NoSlip/planck/plc-2.0/../plc_2.0/lensing/smica_g30_ftl_full_pp.clik_lensing' on test data. got -5.91088 expected -5.91088 (diff 9.56746e-11)
Creating chains/noslip_lite/2018-10-12_100000__3.txt


Input covariance matrix:
['omega_b', 'omega_cdm', 'H0', 'A_s', 'n_s', 'tau_reio', 'parameters_smg__2', 'A_planck', 'z_reio', 'YHe', 'sigma8']
[[ 2.93e-08 -1.17e-08  2.58e-05  4.46e-15  2.32e-07  1.15e-06  4.96e-08 -1.11e-07  9.74e-05  1.26e-08  6.64e-07]
 [-1.17e-08  2.64e-06 -9.29e-04 -4.98e-14 -5.94e-06 -1.61e-05 -9.91e-07  1.23e-06 -1.40e-03 -5.02e-09 -7.03e-07]
 [ 2.58e-05 -9.29e-04  3.60e-01  1.98e-11  2.30e-03  6.21e-03  3.10e-04 -4.82e-04  5.36e-01  1.11e-05  7.46e-04]
 [ 4.46e-15 -4.98e-14  1.98e-11  3.03e-21  7.13e-14  8.04e-13  1.09e-13 -4.90e-14  7.08e-11  1.92e-15  2.36e-13]
 [ 2.32e-07 -5.94e-06  2.30e-03  7.13e-14  2.88e-05  2.89e-05 -4.33e-06 -2.57e-06  2.45e-03  9.95e-08  7.71e-06]
 [ 1.15e-06 -1.61e-05  6.21e-03  8.04e-13  2.89e-05  2.25e-04  2.67e-05 -2.02e-05  1.98e-02  4.93e-07  5.85e-05]
 [ 4.96e-08 -9.91e-07  3.10e-04  1.09e-13 -4.33e-06  2.67e-05  1.97e-05 -1.13e-06  2.41e-03  2.16e-08 -1.36e-05]
 [-1.11e-07  1.23e-06 -4.82e-04 -4.90e-14 -2.57e-06 -2.02e-05 -1.13e-06  7.34e-06 -1.74e-03 -4.76e-08 -3.30e-06]
 [ 9.74e-05 -1.40e-03  5.36e-01  7.08e-11  2.45e-03  1.98e-02  2.41e-03 -1.74e-03  1.74e+00  4.18e-05  5.13e-03]
 [ 1.26e-08 -5.02e-09  1.11e-05  1.92e-15  9.95e-08  4.93e-07  2.16e-08 -4.76e-08  4.18e-05  5.40e-09  2.85e-07]
 [ 6.64e-07 -7.03e-07  7.46e-04  2.36e-13  7.71e-06  5.85e-05 -1.36e-05 -3.30e-06  5.13e-03  2.85e-07  6.07e-05]]

First treatment (scaling)
['omega_b', 'omega_cdm', 'H0', 'A_s', 'n_s', 'tau_reio', 'parameters_smg__2', 'A_planck', 'z_reio', 'YHe', 'sigma8']
[[ 2.93e-04 -1.17e-06  2.58e-03  4.46e-04  2.32e-05  1.15e-04  4.96e-06 -1.11e-03  9.74e-03  1.26e-06  6.64e-05]
 [-1.17e-06  2.64e-06 -9.29e-04 -4.98e-05 -5.94e-06 -1.61e-05 -9.91e-07  1.23e-04 -1.40e-03 -5.02e-09 -7.03e-07]
 [ 2.58e-03 -9.29e-04  3.60e-01  1.98e-02  2.30e-03  6.21e-03  3.10e-04 -4.82e-02  5.36e-01  1.11e-05  7.46e-04]
 [ 4.46e-04 -4.98e-05  1.98e-02  3.03e-03  7.13e-05  8.04e-04  1.09e-04 -4.90e-03  7.08e-02  1.92e-06  2.36e-04]
 [ 2.32e-05 -5.94e-06  2.30e-03  7.13e-05  2.88e-05  2.89e-05 -4.33e-06 -2.57e-04  2.45e-03  9.95e-08  7.71e-06]
 [ 1.15e-04 -1.61e-05  6.21e-03  8.04e-04  2.89e-05  2.25e-04  2.67e-05 -2.02e-03  1.98e-02  4.93e-07  5.85e-05]
 [ 4.96e-06 -9.91e-07  3.10e-04  1.09e-04 -4.33e-06  2.67e-05  1.97e-05 -1.13e-04  2.41e-03  2.16e-08 -1.36e-05]
 [-1.11e-03  1.23e-04 -4.82e-02 -4.90e-03 -2.57e-04 -2.02e-03 -1.13e-04  7.34e-02 -1.74e-01 -4.76e-06 -3.30e-04]
 [ 9.74e-03 -1.40e-03  5.36e-01  7.08e-02  2.45e-03  1.98e-02  2.41e-03 -1.74e-01  1.74e+00  4.18e-05  5.13e-03]
 [ 1.26e-06 -5.02e-09  1.11e-05  1.92e-06  9.95e-08  4.93e-07  2.16e-08 -4.76e-06  4.18e-05  5.40e-09  2.85e-07]
 [ 6.64e-05 -7.03e-07  7.46e-04  2.36e-04  7.71e-06  5.85e-05 -1.36e-05 -3.30e-04  5.13e-03  2.85e-07  6.07e-05]]

Second treatment (partial reordering and cleaning)
['omega_b', 'omega_cdm', 'H0', 'A_s', 'n_s', 'tau_reio', 'parameters_smg__2', 'A_planck', '', '', '']
 /!\ Appending to an existing folder: using the log.param instead of
     input/test_noslip_lite.param
Running Monte Python v3.0.1

with CLASS v2.4.5

Testing likelihoods for:
 -> Planck_highl_lite, Planck_lowl, Planck_lensing

 /!\ PyFITS is deprecated, please use astropy.io.fits
----
clik version 6dc2a8cf3965
  plik_cmbonly
Checking likelihood '/scratch1/scratchdirs/micbru/NoSlip/planck/plc-2.0/../plc_2.0/hi_l/plik_lite/plik_lite_v18_TT.clik' on test data. got -101.798 expected -101.798 (diff 1.03567e-08)
----
In Planck_highl_lite, MontePython corrected nuisance parameter name A_Planck to A_planck
----
clik version 6dc2a8cf3965
  bflike_smw
Checking likelihood '/scratch1/scratchdirs/micbru/NoSlip/planck/plc-2.0/../plc_2.0/low_l/bflike/lowl_SMW_70_dx11d_2014_10_03_v5c_Ap.clik' on test data. got -5247.87 expected -5247.87 (diff 2.61964e-07)
----
Checking lensing likelihood '/scratch1/scratchdirs/micbru/NoSlip/planck/plc-2.0/../plc_2.0/lensing/smica_g30_ftl_full_pp.clik_lensing' on test data. got -5.91088 expected -5.91088 (diff 9.56746e-11)
Creating chains/noslip_lite/2018-10-12_100000__2.txt


Input covariance matrix:
['omega_b', 'omega_cdm', 'H0', 'A_s', 'n_s', 'tau_reio', 'parameters_smg__2', 'A_planck', 'z_reio', 'YHe', 'sigma8']
[[ 2.93e-08 -1.17e-08  2.58e-05  4.46e-15  2.32e-07  1.15e-06  4.96e-08 -1.11e-07  9.74e-05  1.26e-08  6.64e-07]
 [-1.17e-08  2.64e-06 -9.29e-04 -4.98e-14 -5.94e-06 -1.61e-05 -9.91e-07  1.23e-06 -1.40e-03 -5.02e-09 -7.03e-07]
 [ 2.58e-05 -9.29e-04  3.60e-01  1.98e-11  2.30e-03  6.21e-03  3.10e-04 -4.82e-04  5.36e-01  1.11e-05  7.46e-04]
 [ 4.46e-15 -4.98e-14  1.98e-11  3.03e-21  7.13e-14  8.04e-13  1.09e-13 -4.90e-14  7.08e-11  1.92e-15  2.36e-13]
 [ 2.32e-07 -5.94e-06  2.30e-03  7.13e-14  2.88e-05  2.89e-05 -4.33e-06 -2.57e-06  2.45e-03  9.95e-08  7.71e-06]
 [ 1.15e-06 -1.61e-05  6.21e-03  8.04e-13  2.89e-05  2.25e-04  2.67e-05 -2.02e-05  1.98e-02  4.93e-07  5.85e-05]
 [ 4.96e-08 -9.91e-07  3.10e-04  1.09e-13 -4.33e-06  2.67e-05  1.97e-05 -1.13e-06  2.41e-03  2.16e-08 -1.36e-05]
 [-1.11e-07  1.23e-06 -4.82e-04 -4.90e-14 -2.57e-06 -2.02e-05 -1.13e-06  7.34e-06 -1.74e-03 -4.76e-08 -3.30e-06]
 [ 9.74e-05 -1.40e-03  5.36e-01  7.08e-11  2.45e-03  1.98e-02  2.41e-03 -1.74e-03  1.74e+00  4.18e-05  5.13e-03]
 [ 1.26e-08 -5.02e-09  1.11e-05  1.92e-15  9.95e-08  4.93e-07  2.16e-08 -4.76e-08  4.18e-05  5.40e-09  2.85e-07]
 [ 6.64e-07 -7.03e-07  7.46e-04  2.36e-13  7.71e-06  5.85e-05 -1.36e-05 -3.30e-06  5.13e-03  2.85e-07  6.07e-05]]

First treatment (scaling)
['omega_b', 'omega_cdm', 'H0', 'A_s', 'n_s', 'tau_reio', 'parameters_smg__2', 'A_planck', 'z_reio', 'YHe', 'sigma8']
[[ 2.93e-04 -1.17e-06  2.58e-03  4.46e-04  2.32e-05  1.15e-04  4.96e-06 -1.11e-03  9.74e-03  1.26e-06  6.64e-05]
 [-1.17e-06  2.64e-06 -9.29e-04 -4.98e-05 -5.94e-06 -1.61e-05 -9.91e-07  1.23e-04 -1.40e-03 -5.02e-09 -7.03e-07]
 [ 2.58e-03 -9.29e-04  3.60e-01  1.98e-02  2.30e-03  6.21e-03  3.10e-04 -4.82e-02  5.36e-01  1.11e-05  7.46e-04]
 [ 4.46e-04 -4.98e-05  1.98e-02  3.03e-03  7.13e-05  8.04e-04  1.09e-04 -4.90e-03  7.08e-02  1.92e-06  2.36e-04]
 [ 2.32e-05 -5.94e-06  2.30e-03  7.13e-05  2.88e-05  2.89e-05 -4.33e-06 -2.57e-04  2.45e-03  9.95e-08  7.71e-06]
 [ 1.15e-04 -1.61e-05  6.21e-03  8.04e-04  2.89e-05  2.25e-04  2.67e-05 -2.02e-03  1.98e-02  4.93e-07  5.85e-05]
 [ 4.96e-06 -9.91e-07  3.10e-04  1.09e-04 -4.33e-06  2.67e-05  1.97e-05 -1.13e-04  2.41e-03  2.16e-08 -1.36e-05]
 [-1.11e-03  1.23e-04 -4.82e-02 -4.90e-03 -2.57e-04 -2.02e-03 -1.13e-04  7.34e-02 -1.74e-01 -4.76e-06 -3.30e-04]
 [ 9.74e-03 -1.40e-03  5.36e-01  7.08e-02  2.45e-03  1.98e-02  2.41e-03 -1.74e-01  1.74e+00  4.18e-05  5.13e-03]
 [ 1.26e-06 -5.02e-09  1.11e-05  1.92e-06  9.95e-08  4.93e-07  2.16e-08 -4.76e-06  4.18e-05  5.40e-09  2.85e-07]
 [ 6.64e-05 -7.03e-07  7.46e-04  2.36e-04  7.71e-06  5.85e-05 -1.36e-05 -3.30e-04  5.13e-03  2.85e-07  6.07e-05]]

Second treatment (partial reordering and cleaning)
['omega_b', 'omega_cdm', 'H0', 'A_s', 'n_s', 'tau_reio', 'parameters_smg__2', 'A_planck', '', '', '']
 /!\ Appending to an existing folder: using the log.param instead of
     input/test_noslip_lite.param
Running Monte Python v3.0.1

with CLASS v2.4.5

Testing likelihoods for:
 -> Planck_highl_lite, Planck_lowl, Planck_lensing

 /!\ PyFITS is deprecated, please use astropy.io.fits
----
clik version 6dc2a8cf3965
  plik_cmbonly
Checking likelihood '/scratch1/scratchdirs/micbru/NoSlip/planck/plc-2.0/../plc_2.0/hi_l/plik_lite/plik_lite_v18_TT.clik' on test data. got -101.798 expected -101.798 (diff 1.03567e-08)
----
In Planck_highl_lite, MontePython corrected nuisance parameter name A_Planck to A_planck
----
clik version 6dc2a8cf3965
  bflike_smw
Checking likelihood '/scratch1/scratchdirs/micbru/NoSlip/planck/plc-2.0/../plc_2.0/low_l/bflike/lowl_SMW_70_dx11d_2014_10_03_v5c_Ap.clik' on test data. got -5247.87 expected -5247.87 (diff 2.61964e-07)
----
Checking lensing likelihood '/scratch1/scratchdirs/micbru/NoSlip/planck/plc-2.0/../plc_2.0/lensing/smica_g30_ftl_full_pp.clik_lensing' on test data. got -5.91088 expected -5.91088 (diff 9.56746e-11)
Creating chains/noslip_lite/2018-10-12_100000__1.txt


Input covariance matrix:
['omega_b', 'omega_cdm', 'H0', 'A_s', 'n_s', 'tau_reio', 'parameters_smg__2', 'A_planck', 'z_reio', 'YHe', 'sigma8']
[[ 2.93e-08 -1.17e-08  2.58e-05  4.46e-15  2.32e-07  1.15e-06  4.96e-08 -1.11e-07  9.74e-05  1.26e-08  6.64e-07]
 [-1.17e-08  2.64e-06 -9.29e-04 -4.98e-14 -5.94e-06 -1.61e-05 -9.91e-07  1.23e-06 -1.40e-03 -5.02e-09 -7.03e-07]
 [ 2.58e-05 -9.29e-04  3.60e-01  1.98e-11  2.30e-03  6.21e-03  3.10e-04 -4.82e-04  5.36e-01  1.11e-05  7.46e-04]
 [ 4.46e-15 -4.98e-14  1.98e-11  3.03e-21  7.13e-14  8.04e-13  1.09e-13 -4.90e-14  7.08e-11  1.92e-15  2.36e-13]
 [ 2.32e-07 -5.94e-06  2.30e-03  7.13e-14  2.88e-05  2.89e-05 -4.33e-06 -2.57e-06  2.45e-03  9.95e-08  7.71e-06]
 [ 1.15e-06 -1.61e-05  6.21e-03  8.04e-13  2.89e-05  2.25e-04  2.67e-05 -2.02e-05  1.98e-02  4.93e-07  5.85e-05]
 [ 4.96e-08 -9.91e-07  3.10e-04  1.09e-13 -4.33e-06  2.67e-05  1.97e-05 -1.13e-06  2.41e-03  2.16e-08 -1.36e-05]
 [-1.11e-07  1.23e-06 -4.82e-04 -4.90e-14 -2.57e-06 -2.02e-05 -1.13e-06  7.34e-06 -1.74e-03 -4.76e-08 -3.30e-06]
 [ 9.74e-05 -1.40e-03  5.36e-01  7.08e-11  2.45e-03  1.98e-02  2.41e-03 -1.74e-03  1.74e+00  4.18e-05  5.13e-03]
 [ 1.26e-08 -5.02e-09  1.11e-05  1.92e-15  9.95e-08  4.93e-07  2.16e-08 -4.76e-08  4.18e-05  5.40e-09  2.85e-07]
 [ 6.64e-07 -7.03e-07  7.46e-04  2.36e-13  7.71e-06  5.85e-05 -1.36e-05 -3.30e-06  5.13e-03  2.85e-07  6.07e-05]]

First treatment (scaling)
['omega_b', 'omega_cdm', 'H0', 'A_s', 'n_s', 'tau_reio', 'parameters_smg__2', 'A_planck', 'z_reio', 'YHe', 'sigma8']
[[ 2.93e-04 -1.17e-06  2.58e-03  4.46e-04  2.32e-05  1.15e-04  4.96e-06 -1.11e-03  9.74e-03  1.26e-06  6.64e-05]
 [-1.17e-06  2.64e-06 -9.29e-04 -4.98e-05 -5.94e-06 -1.61e-05 -9.91e-07  1.23e-04 -1.40e-03 -5.02e-09 -7.03e-07]
 [ 2.58e-03 -9.29e-04  3.60e-01  1.98e-02  2.30e-03  6.21e-03  3.10e-04 -4.82e-02  5.36e-01  1.11e-05  7.46e-04]
 [ 4.46e-04 -4.98e-05  1.98e-02  3.03e-03  7.13e-05  8.04e-04  1.09e-04 -4.90e-03  7.08e-02  1.92e-06  2.36e-04]
 [ 2.32e-05 -5.94e-06  2.30e-03  7.13e-05  2.88e-05  2.89e-05 -4.33e-06 -2.57e-04  2.45e-03  9.95e-08  7.71e-06]
 [ 1.15e-04 -1.61e-05  6.21e-03  8.04e-04  2.89e-05  2.25e-04  2.67e-05 -2.02e-03  1.98e-02  4.93e-07  5.85e-05]
 [ 4.96e-06 -9.91e-07  3.10e-04  1.09e-04 -4.33e-06  2.67e-05  1.97e-05 -1.13e-04  2.41e-03  2.16e-08 -1.36e-05]
 [-1.11e-03  1.23e-04 -4.82e-02 -4.90e-03 -2.57e-04 -2.02e-03 -1.13e-04  7.34e-02 -1.74e-01 -4.76e-06 -3.30e-04]
 [ 9.74e-03 -1.40e-03  5.36e-01  7.08e-02  2.45e-03  1.98e-02  2.41e-03 -1.74e-01  1.74e+00  4.18e-05  5.13e-03]
 [ 1.26e-06 -5.02e-09  1.11e-05  1.92e-06  9.95e-08  4.93e-07  2.16e-08 -4.76e-06  4.18e-05  5.40e-09  2.85e-07]
 [ 6.64e-05 -7.03e-07  7.46e-04  2.36e-04  7.71e-06  5.85e-05 -1.36e-05 -3.30e-04  5.13e-03  2.85e-07  6.07e-05]]

Second treatment (partial reordering and cleaning)
['omega_b', 'omega_cdm', 'H0', 'A_s', 'n_s', 'tau_reio', 'parameters_smg__2', 'A_planck', '', '', '']
 /!\ Appending to an existing folder: using the log.param instead of
     input/test_noslip_lite.param
Running Monte Python v3.0.1

with CLASS v2.4.5

Testing likelihoods for:
 -> Planck_highl_lite, Planck_lowl, Planck_lensing

 /!\ PyFITS is deprecated, please use astropy.io.fits
----
clik version 6dc2a8cf3965
  plik_cmbonly
Checking likelihood '/scratch1/scratchdirs/micbru/NoSlip/planck/plc-2.0/../plc_2.0/hi_l/plik_lite/plik_lite_v18_TT.clik' on test data. got -101.798 expected -101.798 (diff 1.03567e-08)
----
In Planck_highl_lite, MontePython corrected nuisance parameter name A_Planck to A_planck
----
clik version 6dc2a8cf3965
  bflike_smw
Checking likelihood '/scratch1/scratchdirs/micbru/NoSlip/planck/plc-2.0/../plc_2.0/low_l/bflike/lowl_SMW_70_dx11d_2014_10_03_v5c_Ap.clik' on test data. got -5247.87 expected -5247.87 (diff 2.61964e-07)
----
Checking lensing likelihood '/scratch1/scratchdirs/micbru/NoSlip/planck/plc-2.0/../plc_2.0/lensing/smica_g30_ftl_full_pp.clik_lensing' on test data. got -5.91088 expected -5.91088 (diff 9.56746e-11)
Creating chains/noslip_lite/2018-10-12_100000__4.txt


Input covariance matrix:
['omega_b', 'omega_cdm', 'H0', 'A_s', 'n_s', 'tau_reio', 'parameters_smg__2', 'A_planck', 'z_reio', 'YHe', 'sigma8']
[[ 2.93e-08 -1.17e-08  2.58e-05  4.46e-15  2.32e-07  1.15e-06  4.96e-08 -1.11e-07  9.74e-05  1.26e-08  6.64e-07]
 [-1.17e-08  2.64e-06 -9.29e-04 -4.98e-14 -5.94e-06 -1.61e-05 -9.91e-07  1.23e-06 -1.40e-03 -5.02e-09 -7.03e-07]
 [ 2.58e-05 -9.29e-04  3.60e-01  1.98e-11  2.30e-03  6.21e-03  3.10e-04 -4.82e-04  5.36e-01  1.11e-05  7.46e-04]
 [ 4.46e-15 -4.98e-14  1.98e-11  3.03e-21  7.13e-14  8.04e-13  1.09e-13 -4.90e-14  7.08e-11  1.92e-15  2.36e-13]
 [ 2.32e-07 -5.94e-06  2.30e-03  7.13e-14  2.88e-05  2.89e-05 -4.33e-06 -2.57e-06  2.45e-03  9.95e-08  7.71e-06]
 [ 1.15e-06 -1.61e-05  6.21e-03  8.04e-13  2.89e-05  2.25e-04  2.67e-05 -2.02e-05  1.98e-02  4.93e-07  5.85e-05]
 [ 4.96e-08 -9.91e-07  3.10e-04  1.09e-13 -4.33e-06  2.67e-05  1.97e-05 -1.13e-06  2.41e-03  2.16e-08 -1.36e-05]
 [-1.11e-07  1.23e-06 -4.82e-04 -4.90e-14 -2.57e-06 -2.02e-05 -1.13e-06  7.34e-06 -1.74e-03 -4.76e-08 -3.30e-06]
 [ 9.74e-05 -1.40e-03  5.36e-01  7.08e-11  2.45e-03  1.98e-02  2.41e-03 -1.74e-03  1.74e+00  4.18e-05  5.13e-03]
 [ 1.26e-08 -5.02e-09  1.11e-05  1.92e-15  9.95e-08  4.93e-07  2.16e-08 -4.76e-08  4.18e-05  5.40e-09  2.85e-07]
 [ 6.64e-07 -7.03e-07  7.46e-04  2.36e-13  7.71e-06  5.85e-05 -1.36e-05 -3.30e-06  5.13e-03  2.85e-07  6.07e-05]]

First treatment (scaling)
['omega_b', 'omega_cdm', 'H0', 'A_s', 'n_s', 'tau_reio', 'parameters_smg__2', 'A_planck', 'z_reio', 'YHe', 'sigma8']
[[ 2.93e-04 -1.17e-06  2.58e-03  4.46e-04  2.32e-05  1.15e-04  4.96e-06 -1.11e-03  9.74e-03  1.26e-06  6.64e-05]
 [-1.17e-06  2.64e-06 -9.29e-04 -4.98e-05 -5.94e-06 -1.61e-05 -9.91e-07  1.23e-04 -1.40e-03 -5.02e-09 -7.03e-07]
 [ 2.58e-03 -9.29e-04  3.60e-01  1.98e-02  2.30e-03  6.21e-03  3.10e-04 -4.82e-02  5.36e-01  1.11e-05  7.46e-04]
 [ 4.46e-04 -4.98e-05  1.98e-02  3.03e-03  7.13e-05  8.04e-04  1.09e-04 -4.90e-03  7.08e-02  1.92e-06  2.36e-04]
 [ 2.32e-05 -5.94e-06  2.30e-03  7.13e-05  2.88e-05  2.89e-05 -4.33e-06 -2.57e-04  2.45e-03  9.95e-08  7.71e-06]
 [ 1.15e-04 -1.61e-05  6.21e-03  8.04e-04  2.89e-05  2.25e-04  2.67e-05 -2.02e-03  1.98e-02  4.93e-07  5.85e-05]
 [ 4.96e-06 -9.91e-07  3.10e-04  1.09e-04 -4.33e-06  2.67e-05  1.97e-05 -1.13e-04  2.41e-03  2.16e-08 -1.36e-05]
 [-1.11e-03  1.23e-04 -4.82e-02 -4.90e-03 -2.57e-04 -2.02e-03 -1.13e-04  7.34e-02 -1.74e-01 -4.76e-06 -3.30e-04]
 [ 9.74e-03 -1.40e-03  5.36e-01  7.08e-02  2.45e-03  1.98e-02  2.41e-03 -1.74e-01  1.74e+00  4.18e-05  5.13e-03]
 [ 1.26e-06 -5.02e-09  1.11e-05  1.92e-06  9.95e-08  4.93e-07  2.16e-08 -4.76e-06  4.18e-05  5.40e-09  2.85e-07]
 [ 6.64e-05 -7.03e-07  7.46e-04  2.36e-04  7.71e-06  5.85e-05 -1.36e-05 -3.30e-04  5.13e-03  2.85e-07  6.07e-05]]

Second treatment (partial reordering and cleaning)
['omega_b', 'omega_cdm', 'H0', 'A_s', 'n_s', 'tau_reio', 'parameters_smg__2', 'A_planck', '', '', '']
 /!\ Appending to an existing folder: using the log.param instead of
     input/test_noslip_lite.param
Running Monte Python v3.0.1

with CLASS v2.4.5

Testing likelihoods for:
 -> Planck_highl_lite, Planck_lowl, Planck_lensing

 /!\ PyFITS is deprecated, please use astropy.io.fits
----
clik version 6dc2a8cf3965
  plik_cmbonly
Checking likelihood '/scratch1/scratchdirs/micbru/NoSlip/planck/plc-2.0/../plc_2.0/hi_l/plik_lite/plik_lite_v18_TT.clik' on test data. got -101.798 expected -101.798 (diff 1.03567e-08)
----
In Planck_highl_lite, MontePython corrected nuisance parameter name A_Planck to A_planck
----
clik version 6dc2a8cf3965
  bflike_smw
Checking likelihood '/scratch1/scratchdirs/micbru/NoSlip/planck/plc-2.0/../plc_2.0/low_l/bflike/lowl_SMW_70_dx11d_2014_10_03_v5c_Ap.clik' on test data. got -5247.87 expected -5247.87 (diff 2.61964e-07)
----
Checking lensing likelihood '/scratch1/scratchdirs/micbru/NoSlip/planck/plc-2.0/../plc_2.0/lensing/smica_g30_ftl_full_pp.clik_lensing' on test data. got -5.91088 expected -5.91088 (diff 9.56746e-11)
Creating chains/noslip_lite/2018-10-12_100000__5.txt


Input covariance matrix:
['omega_b', 'omega_cdm', 'H0', 'A_s', 'n_s', 'tau_reio', 'parameters_smg__2', 'A_planck', 'z_reio', 'YHe', 'sigma8']
[[ 2.93e-08 -1.17e-08  2.58e-05  4.46e-15  2.32e-07  1.15e-06  4.96e-08 -1.11e-07  9.74e-05  1.26e-08  6.64e-07]
 [-1.17e-08  2.64e-06 -9.29e-04 -4.98e-14 -5.94e-06 -1.61e-05 -9.91e-07  1.23e-06 -1.40e-03 -5.02e-09 -7.03e-07]
 [ 2.58e-05 -9.29e-04  3.60e-01  1.98e-11  2.30e-03  6.21e-03  3.10e-04 -4.82e-04  5.36e-01  1.11e-05  7.46e-04]
 [ 4.46e-15 -4.98e-14  1.98e-11  3.03e-21  7.13e-14  8.04e-13  1.09e-13 -4.90e-14  7.08e-11  1.92e-15  2.36e-13]
 [ 2.32e-07 -5.94e-06  2.30e-03  7.13e-14  2.88e-05  2.89e-05 -4.33e-06 -2.57e-06  2.45e-03  9.95e-08  7.71e-06]
 [ 1.15e-06 -1.61e-05  6.21e-03  8.04e-13  2.89e-05  2.25e-04  2.67e-05 -2.02e-05  1.98e-02  4.93e-07  5.85e-05]
 [ 4.96e-08 -9.91e-07  3.10e-04  1.09e-13 -4.33e-06  2.67e-05  1.97e-05 -1.13e-06  2.41e-03  2.16e-08 -1.36e-05]
 [-1.11e-07  1.23e-06 -4.82e-04 -4.90e-14 -2.57e-06 -2.02e-05 -1.13e-06  7.34e-06 -1.74e-03 -4.76e-08 -3.30e-06]
 [ 9.74e-05 -1.40e-03  5.36e-01  7.08e-11  2.45e-03  1.98e-02  2.41e-03 -1.74e-03  1.74e+00  4.18e-05  5.13e-03]
 [ 1.26e-08 -5.02e-09  1.11e-05  1.92e-15  9.95e-08  4.93e-07  2.16e-08 -4.76e-08  4.18e-05  5.40e-09  2.85e-07]
 [ 6.64e-07 -7.03e-07  7.46e-04  2.36e-13  7.71e-06  5.85e-05 -1.36e-05 -3.30e-06  5.13e-03  2.85e-07  6.07e-05]]

First treatment (scaling)
['omega_b', 'omega_cdm', 'H0', 'A_s', 'n_s', 'tau_reio', 'parameters_smg__2', 'A_planck', 'z_reio', 'YHe', 'sigma8']
[[ 2.93e-04 -1.17e-06  2.58e-03  4.46e-04  2.32e-05  1.15e-04  4.96e-06 -1.11e-03  9.74e-03  1.26e-06  6.64e-05]
 [-1.17e-06  2.64e-06 -9.29e-04 -4.98e-05 -5.94e-06 -1.61e-05 -9.91e-07  1.23e-04 -1.40e-03 -5.02e-09 -7.03e-07]
 [ 2.58e-03 -9.29e-04  3.60e-01  1.98e-02  2.30e-03  6.21e-03  3.10e-04 -4.82e-02  5.36e-01  1.11e-05  7.46e-04]
 [ 4.46e-04 -4.98e-05  1.98e-02  3.03e-03  7.13e-05  8.04e-04  1.09e-04 -4.90e-03  7.08e-02  1.92e-06  2.36e-04]
 [ 2.32e-05 -5.94e-06  2.30e-03  7.13e-05  2.88e-05  2.89e-05 -4.33e-06 -2.57e-04  2.45e-03  9.95e-08  7.71e-06]
 [ 1.15e-04 -1.61e-05  6.21e-03  8.04e-04  2.89e-05  2.25e-04  2.67e-05 -2.02e-03  1.98e-02  4.93e-07  5.85e-05]
 [ 4.96e-06 -9.91e-07  3.10e-04  1.09e-04 -4.33e-06  2.67e-05  1.97e-05 -1.13e-04  2.41e-03  2.16e-08 -1.36e-05]
 [-1.11e-03  1.23e-04 -4.82e-02 -4.90e-03 -2.57e-04 -2.02e-03 -1.13e-04  7.34e-02 -1.74e-01 -4.76e-06 -3.30e-04]
 [ 9.74e-03 -1.40e-03  5.36e-01  7.08e-02  2.45e-03  1.98e-02  2.41e-03 -1.74e-01  1.74e+00  4.18e-05  5.13e-03]
 [ 1.26e-06 -5.02e-09  1.11e-05  1.92e-06  9.95e-08  4.93e-07  2.16e-08 -4.76e-06  4.18e-05  5.40e-09  2.85e-07]
 [ 6.64e-05 -7.03e-07  7.46e-04  2.36e-04  7.71e-06  5.85e-05 -1.36e-05 -3.30e-04  5.13e-03  2.85e-07  6.07e-05]]

Second treatment (partial reordering and cleaning)
['omega_b', 'omega_cdm', 'H0', 'A_s', 'n_s', 'tau_reio', 'parameters_smg__2', 'A_planck', '', '', '']
 /!\ Appending to an existing folder: using the log.param instead of
     input/test_noslip_lite.param
Running Monte Python v3.0.1

with CLASS v2.4.5

Testing likelihoods for:
 -> Planck_highl_lite, Planck_lowl, Planck_lensing

 /!\ PyFITS is deprecated, please use astropy.io.fits
----
clik version 6dc2a8cf3965
  plik_cmbonly
Checking likelihood '/scratch1/scratchdirs/micbru/NoSlip/planck/plc-2.0/../plc_2.0/hi_l/plik_lite/plik_lite_v18_TT.clik' on test data. got -101.798 expected -101.798 (diff 1.03567e-08)
----
In Planck_highl_lite, MontePython corrected nuisance parameter name A_Planck to A_planck
----
clik version 6dc2a8cf3965
  bflike_smw
Checking likelihood '/scratch1/scratchdirs/micbru/NoSlip/planck/plc-2.0/../plc_2.0/low_l/bflike/lowl_SMW_70_dx11d_2014_10_03_v5c_Ap.clik' on test data. got -5247.87 expected -5247.87 (diff 2.61964e-07)
----
Checking lensing likelihood '/scratch1/scratchdirs/micbru/NoSlip/planck/plc-2.0/../plc_2.0/lensing/smica_g30_ftl_full_pp.clik_lensing' on test data. got -5.91088 expected -5.91088 (diff 9.56746e-11)
Creating chains/noslip_lite/2018-10-12_100000__6.txt


Input covariance matrix:
['omega_b', 'omega_cdm', 'H0', 'A_s', 'n_s', 'tau_reio', 'parameters_smg__2', 'A_planck', 'z_reio', 'YHe', 'sigma8']
[[ 2.93e-08 -1.17e-08  2.58e-05  4.46e-15  2.32e-07  1.15e-06  4.96e-08 -1.11e-07  9.74e-05  1.26e-08  6.64e-07]
 [-1.17e-08  2.64e-06 -9.29e-04 -4.98e-14 -5.94e-06 -1.61e-05 -9.91e-07  1.23e-06 -1.40e-03 -5.02e-09 -7.03e-07]
 [ 2.58e-05 -9.29e-04  3.60e-01  1.98e-11  2.30e-03  6.21e-03  3.10e-04 -4.82e-04  5.36e-01  1.11e-05  7.46e-04]
 [ 4.46e-15 -4.98e-14  1.98e-11  3.03e-21  7.13e-14  8.04e-13  1.09e-13 -4.90e-14  7.08e-11  1.92e-15  2.36e-13]
 [ 2.32e-07 -5.94e-06  2.30e-03  7.13e-14  2.88e-05  2.89e-05 -4.33e-06 -2.57e-06  2.45e-03  9.95e-08  7.71e-06]
 [ 1.15e-06 -1.61e-05  6.21e-03  8.04e-13  2.89e-05  2.25e-04  2.67e-05 -2.02e-05  1.98e-02  4.93e-07  5.85e-05]
 [ 4.96e-08 -9.91e-07  3.10e-04  1.09e-13 -4.33e-06  2.67e-05  1.97e-05 -1.13e-06  2.41e-03  2.16e-08 -1.36e-05]
 [-1.11e-07  1.23e-06 -4.82e-04 -4.90e-14 -2.57e-06 -2.02e-05 -1.13e-06  7.34e-06 -1.74e-03 -4.76e-08 -3.30e-06]
 [ 9.74e-05 -1.40e-03  5.36e-01  7.08e-11  2.45e-03  1.98e-02  2.41e-03 -1.74e-03  1.74e+00  4.18e-05  5.13e-03]
 [ 1.26e-08 -5.02e-09  1.11e-05  1.92e-15  9.95e-08  4.93e-07  2.16e-08 -4.76e-08  4.18e-05  5.40e-09  2.85e-07]
 [ 6.64e-07 -7.03e-07  7.46e-04  2.36e-13  7.71e-06  5.85e-05 -1.36e-05 -3.30e-06  5.13e-03  2.85e-07  6.07e-05]]

First treatment (scaling)
['omega_b', 'omega_cdm', 'H0', 'A_s', 'n_s', 'tau_reio', 'parameters_smg__2', 'A_planck', 'z_reio', 'YHe', 'sigma8']
[[ 2.93e-04 -1.17e-06  2.58e-03  4.46e-04  2.32e-05  1.15e-04  4.96e-06 -1.11e-03  9.74e-03  1.26e-06  6.64e-05]
 [-1.17e-06  2.64e-06 -9.29e-04 -4.98e-05 -5.94e-06 -1.61e-05 -9.91e-07  1.23e-04 -1.40e-03 -5.02e-09 -7.03e-07]
 [ 2.58e-03 -9.29e-04  3.60e-01  1.98e-02  2.30e-03  6.21e-03  3.10e-04 -4.82e-02  5.36e-01  1.11e-05  7.46e-04]
 [ 4.46e-04 -4.98e-05  1.98e-02  3.03e-03  7.13e-05  8.04e-04  1.09e-04 -4.90e-03  7.08e-02  1.92e-06  2.36e-04]
 [ 2.32e-05 -5.94e-06  2.30e-03  7.13e-05  2.88e-05  2.89e-05 -4.33e-06 -2.57e-04  2.45e-03  9.95e-08  7.71e-06]
 [ 1.15e-04 -1.61e-05  6.21e-03  8.04e-04  2.89e-05  2.25e-04  2.67e-05 -2.02e-03  1.98e-02  4.93e-07  5.85e-05]
 [ 4.96e-06 -9.91e-07  3.10e-04  1.09e-04 -4.33e-06  2.67e-05  1.97e-05 -1.13e-04  2.41e-03  2.16e-08 -1.36e-05]
 [-1.11e-03  1.23e-04 -4.82e-02 -4.90e-03 -2.57e-04 -2.02e-03 -1.13e-04  7.34e-02 -1.74e-01 -4.76e-06 -3.30e-04]
 [ 9.74e-03 -1.40e-03  5.36e-01  7.08e-02  2.45e-03  1.98e-02  2.41e-03 -1.74e-01  1.74e+00  4.18e-05  5.13e-03]
 [ 1.26e-06 -5.02e-09  1.11e-05  1.92e-06  9.95e-08  4.93e-07  2.16e-08 -4.76e-06  4.18e-05  5.40e-09  2.85e-07]
 [ 6.64e-05 -7.03e-07  7.46e-04  2.36e-04  7.71e-06  5.85e-05 -1.36e-05 -3.30e-04  5.13e-03  2.85e-07  6.07e-05]]

Second treatment (partial reordering and cleaning)
['omega_b', 'omega_cdm', 'H0', 'A_s', 'n_s', 'tau_reio', 'parameters_smg__2', 'A_planck', '', '', '']
[[ 2.93e-04 -1.17e-06  2.58e-03  4.46e-04  2.32e-05  1.15e-04  4.96e-06 -1.11e-03  0.00e+00  0.00e+00  0.00e+00]
 [-1.17e-06  2.64e-06 -9.29e-04 -4.98e-05 -5.94e-06 -1.61e-05 -9.91e-07  1.23e-04  0.00e+00  0.00e+00  0.00e+00]
 [ 2.58e-03 -9.29e-04  3.60e-01  1.98e-02  2.30e-03  6.21e-03  3.10e-04 -4.82e-02  0.00e+00  0.00e+00  0.00e+00]
 [ 4.46e-04 -4.98e-05  1.98e-02  3.03e-03  7.13e-05  8.04e-04  1.09e-04 -4.90e-03  0.00e+00  0.00e+00  0.00e+00]
 [ 2.32e-05 -5.94e-06  2.30e-03  7.13e-05  2.88e-05  2.89e-05 -4.33e-06 -2.57e-04  0.00e+00  0.00e+00  0.00e+00]
 [ 1.15e-04 -1.61e-05  6.21e-03  8.04e-04  2.89e-05  2.25e-04  2.67e-05 -2.02e-03  0.00e+00  0.00e+00  0.00e+00]
 [ 4.96e-06 -9.91e-07  3.10e-04  1.09e-04 -4.33e-06  2.67e-05  1.97e-05 -1.13e-04  0.00e+00  0.00e+00  0.00e+00]
 [-1.11e-03  1.23e-04 -4.82e-02 -4.90e-03 -2.57e-04 -2.02e-03 -1.13e-04  7.34e-02  0.00e+00  0.00e+00  0.00e+00]
 [ 0.00e+00  0.00e+00  0.00e+00  0.00e+00  0.00e+00  0.00e+00  0.00e+00  0.00e+00  0.00e+00  0.00e+00  0.00e+00]
 [ 0.00e+00  0.00e+00  0.00e+00  0.00e+00  0.00e+00  0.00e+00  0.00e+00  0.00e+00  0.00e+00  0.00e+00  0.00e+00]
 [ 0.00e+00  0.00e+00  0.00e+00  0.00e+00  0.00e+00  0.00e+00  0.00e+00  0.00e+00  0.00e+00  0.00e+00  0.00e+00]]

Deduced starting covariance matrix:
['omega_b', 'omega_cdm', 'H0', 'A_s', 'n_s', 'tau_reio', 'parameters_smg__2', 'A_planck']
[[ 2.93e-04 -1.17e-06  2.58e-03  4.46e-04  2.32e-05  1.15e-04  4.96e-06 -1.11e-03]
 [-1.17e-06  2.64e-06 -9.29e-04 -4.98e-05 -5.94e-06 -1.61e-05 -9.91e-07  1.23e-04]
 [ 2.58e-03 -9.29e-04  3.60e-01  1.98e-02  2.30e-03  6.21e-03  3.10e-04 -4.82e-02]
 [ 4.46e-04 -4.98e-05  1.98e-02  3.03e-03  7.13e-05  8.04e-04  1.09e-04 -4.90e-03]
 [ 2.32e-05 -5.94e-06  2.30e-03  7.13e-05  2.88e-05  2.89e-05 -4.33e-06 -2.57e-04]
 [ 1.15e-04 -1.61e-05  6.21e-03  8.04e-04  2.89e-05  2.25e-04  2.67e-05 -2.02e-03]
 [ 4.96e-06 -9.91e-07  3.10e-04  1.09e-04 -4.33e-06  2.67e-05  1.97e-05 -1.13e-04]
 [-1.11e-03  1.23e-04 -4.82e-02 -4.90e-03 -2.57e-04 -2.02e-03 -1.13e-04  7.34e-02]]
Update routine is enabled with value 300 (recommended: 50)
This number is rescaled by cycle length 11 (N_slow + f_fast * N_fast) to 3300


Starting point for rescaled parameters:
from best-fit file :  omega_b  =  2.214838
from best-fit file :  omega_cdm  =  0.1196599
from best-fit file :  H0  =  67.16677
from best-fit file :  A_s  =  2.166821
from best-fit file :  n_s  =  0.9657668
from best-fit file :  tau_reio  =  0.07277187
from best-fit file :  parameters_smg__2  =  0.0005753047
from best-fit file :  A_planck  =  99.98899999999999

#  -LogLkl	1e+02omega_b    omega_cdm       H0              1e+09A_s        n_s             tau_reio        parameters_smg__21e+02A_planck   z_reio          YHe             sigma8          
2  5362.84	2.244072e+00	1.199018e-01	6.731379e+01	2.237234e+00	9.630639e-01	8.652748e-02	5.120303e-04	1.000927e+02	1.070895e+01	2.478698e-01	8.343414e-01	
5  5365.37	2.229894e+00	1.185775e-01	6.761987e+01	2.267302e+00	9.683980e-01	1.001850e-01	1.971852e-05	9.971378e+01	1.189096e+01	2.478093e-01	8.382121e-01	
1  5364.88	2.229894e+00	1.185775e-01	6.761987e+01	2.267302e+00	9.683980e-01	1.001850e-01	1.971852e-05	9.949026e+01	1.189096e+01	2.478093e-01	8.382121e-01	
2  5364.48	2.229894e+00	1.185775e-01	6.761987e+01	2.267302e+00	9.683980e-01	1.001850e-01	1.971852e-05	9.951861e+01	1.189096e+01	2.478093e-01	8.382121e-01	
6  5364.16	2.229894e+00	1.185775e-01	6.761987e+01	2.267302e+00	9.683980e-01	1.001850e-01	1.971852e-05	9.962203e+01	1.189096e+01	2.478093e-01	8.382121e-01	
3  5363.78	2.216053e+00	1.190579e-01	6.728923e+01	2.250967e+00	9.660714e-01	9.581704e-02	8.022403e-04	9.964145e+01	1.158072e+01	2.477500e-01	8.354494e-01	
6  5364.84	2.216053e+00	1.190579e-01	6.728923e+01	2.250967e+00	9.660714e-01	9.581704e-02	8.022403e-04	9.972789e+01	1.158072e+01	2.477500e-01	8.354494e-01	
4  5366.12	2.217991e+00	1.169537e-01	6.811814e+01	2.278166e+00	9.710912e-01	1.062584e-01	1.894177e-05	9.957084e+01	1.239072e+01	2.477583e-01	8.358039e-01	
[[ 2.93e-04 -1.17e-06  2.58e-03  4.46e-04  2.32e-05  1.15e-04  4.96e-06 -1.11e-03  0.00e+00  0.00e+00  0.00e+00]
 [-1.17e-06  2.64e-06 -9.29e-04 -4.98e-05 -5.94e-06 -1.61e-05 -9.91e-07  1.23e-04  0.00e+00  0.00e+00  0.00e+00]
 [ 2.58e-03 -9.29e-04  3.60e-01  1.98e-02  2.30e-03  6.21e-03  3.10e-04 -4.82e-02  0.00e+00  0.00e+00  0.00e+00]
 [ 4.46e-04 -4.98e-05  1.98e-02  3.03e-03  7.13e-05  8.04e-04  1.09e-04 -4.90e-03  0.00e+00  0.00e+00  0.00e+00]
 [ 2.32e-05 -5.94e-06  2.30e-03  7.13e-05  2.88e-05  2.89e-05 -4.33e-06 -2.57e-04  0.00e+00  0.00e+00  0.00e+00]
 [ 1.15e-04 -1.61e-05  6.21e-03  8.04e-04  2.89e-05  2.25e-04  2.67e-05 -2.02e-03  0.00e+00  0.00e+00  0.00e+00]
 [ 4.96e-06 -9.91e-07  3.10e-04  1.09e-04 -4.33e-06  2.67e-05  1.97e-05 -1.13e-04  0.00e+00  0.00e+00  0.00e+00]
 [-1.11e-03  1.23e-04 -4.82e-02 -4.90e-03 -2.57e-04 -2.02e-03 -1.13e-04  7.34e-02  0.00e+00  0.00e+00  0.00e+00]
 [ 0.00e+00  0.00e+00  0.00e+00  0.00e+00  0.00e+00  0.00e+00  0.00e+00  0.00e+00  0.00e+00  0.00e+00  0.00e+00]
 [ 0.00e+00  0.00e+00  0.00e+00  0.00e+00  0.00e+00  0.00e+00  0.00e+00  0.00e+00  0.00e+00  0.00e+00  0.00e+00]
 [ 0.00e+00  0.00e+00  0.00e+00  0.00e+00  0.00e+00  0.00e+00  0.00e+00  0.00e+00  0.00e+00  0.00e+00  0.00e+00]]

Deduced starting covariance matrix:
['omega_b', 'omega_cdm', 'H0', 'A_s', 'n_s', 'tau_reio', 'parameters_smg__2', 'A_planck']
[[ 2.93e-04 -1.17e-06  2.58e-03  4.46e-04  2.32e-05  1.15e-04  4.96e-06 -1.11e-03]
 [-1.17e-06  2.64e-06 -9.29e-04 -4.98e-05 -5.94e-06 -1.61e-05 -9.91e-07  1.23e-04]
 [ 2.58e-03 -9.29e-04  3.60e-01  1.98e-02  2.30e-03  6.21e-03  3.10e-04 -4.82e-02]
 [ 4.46e-04 -4.98e-05  1.98e-02  3.03e-03  7.13e-05  8.04e-04  1.09e-04 -4.90e-03]
 [ 2.32e-05 -5.94e-06  2.30e-03  7.13e-05  2.88e-05  2.89e-05 -4.33e-06 -2.57e-04]
 [ 1.15e-04 -1.61e-05  6.21e-03  8.04e-04  2.89e-05  2.25e-04  2.67e-05 -2.02e-03]
 [ 4.96e-06 -9.91e-07  3.10e-04  1.09e-04 -4.33e-06  2.67e-05  1.97e-05 -1.13e-04]
 [-1.11e-03  1.23e-04 -4.82e-02 -4.90e-03 -2.57e-04 -2.02e-03 -1.13e-04  7.34e-02]]
Update routine is enabled with value 300 (recommended: 50)
This number is rescaled by cycle length 11 (N_slow + f_fast * N_fast) to 3300


Starting point for rescaled parameters:
from best-fit file :  omega_b  =  2.214838
from best-fit file :  omega_cdm  =  0.1196599
from best-fit file :  H0  =  67.16677
from best-fit file :  A_s  =  2.166821
from best-fit file :  n_s  =  0.9657668
from best-fit file :  tau_reio  =  0.07277187
from best-fit file :  parameters_smg__2  =  0.0005753047
from best-fit file :  A_planck  =  99.98899999999999

#  -LogLkl	1e+02omega_b    omega_cdm       H0              1e+09A_s        n_s             tau_reio        parameters_smg__21e+02A_planck   z_reio          YHe             sigma8          
1  5358.44	2.215528e+00	1.203727e-01	6.691618e+01	2.169109e+00	9.601066e-01	7.019690e-02	6.508259e-03	1.001290e+02	9.313217e+00	2.477478e-01	8.146410e-01	
2  5359.5	2.221493e+00	1.191645e-01	6.732180e+01	2.203324e+00	9.637044e-01	8.021893e-02	5.486308e-03	1.000894e+02	1.019797e+01	2.477734e-01	8.191531e-01	
3  5358.18	2.209517e+00	1.199765e-01	6.698763e+01	2.131106e+00	9.619144e-01	6.010955e-02	8.749099e-04	1.003148e+02	8.341782e+00	2.477219e-01	8.151195e-01	
4  5358.63	2.221099e+00	1.192066e-01	6.744067e+01	2.149861e+00	9.625930e-01	6.286596e-02	2.979328e-03	1.004836e+02	8.571304e+00	2.477717e-01	8.129952e-01	
8  5358.8	2.221099e+00	1.192066e-01	6.744067e+01	2.149861e+00	9.625930e-01	6.286596e-02	2.979328e-03	1.004968e+02	8.571304e+00	2.477717e-01	8.129952e-01	
3  5358.72	2.221099e+00	1.192066e-01	6.744067e+01	2.149861e+00	9.625930e-01	6.286596e-02	2.979328e-03	1.003317e+02	8.571304e+00	2.477717e-01	8.129952e-01	
1  5358.23	2.221099e+00	1.192066e-01	6.744067e+01	2.149861e+00	9.625930e-01	6.286596e-02	2.979328e-03	1.003905e+02	8.571304e+00	2.477717e-01	8.129952e-01	
1  5360.72	2.194351e+00	1.216196e-01	6.633951e+01	2.093901e+00	9.552003e-01	4.563846e-02	4.163310e-03	1.005396e+02	6.890244e+00	2.476566e-01	8.072198e-01	
[[ 2.93e-04 -1.17e-06  2.58e-03  4.46e-04  2.32e-05  1.15e-04  4.96e-06 -1.11e-03  0.00e+00  0.00e+00  0.00e+00]
 [-1.17e-06  2.64e-06 -9.29e-04 -4.98e-05 -5.94e-06 -1.61e-05 -9.91e-07  1.23e-04  0.00e+00  0.00e+00  0.00e+00]
 [ 2.58e-03 -9.29e-04  3.60e-01  1.98e-02  2.30e-03  6.21e-03  3.10e-04 -4.82e-02  0.00e+00  0.00e+00  0.00e+00]
 [ 4.46e-04 -4.98e-05  1.98e-02  3.03e-03  7.13e-05  8.04e-04  1.09e-04 -4.90e-03  0.00e+00  0.00e+00  0.00e+00]
 [ 2.32e-05 -5.94e-06  2.30e-03  7.13e-05  2.88e-05  2.89e-05 -4.33e-06 -2.57e-04  0.00e+00  0.00e+00  0.00e+00]
 [ 1.15e-04 -1.61e-05  6.21e-03  8.04e-04  2.89e-05  2.25e-04  2.67e-05 -2.02e-03  0.00e+00  0.00e+00  0.00e+00]
 [ 4.96e-06 -9.91e-07  3.10e-04  1.09e-04 -4.33e-06  2.67e-05  1.97e-05 -1.13e-04  0.00e+00  0.00e+00  0.00e+00]
 [-1.11e-03  1.23e-04 -4.82e-02 -4.90e-03 -2.57e-04 -2.02e-03 -1.13e-04  7.34e-02  0.00e+00  0.00e+00  0.00e+00]
 [ 0.00e+00  0.00e+00  0.00e+00  0.00e+00  0.00e+00  0.00e+00  0.00e+00  0.00e+00  0.00e+00  0.00e+00  0.00e+00]
 [ 0.00e+00  0.00e+00  0.00e+00  0.00e+00  0.00e+00  0.00e+00  0.00e+00  0.00e+00  0.00e+00  0.00e+00  0.00e+00]
 [ 0.00e+00  0.00e+00  0.00e+00  0.00e+00  0.00e+00  0.00e+00  0.00e+00  0.00e+00  0.00e+00  0.00e+00  0.00e+00]]

Deduced starting covariance matrix:
['omega_b', 'omega_cdm', 'H0', 'A_s', 'n_s', 'tau_reio', 'parameters_smg__2', 'A_planck']
[[ 2.93e-04 -1.17e-06  2.58e-03  4.46e-04  2.32e-05  1.15e-04  4.96e-06 -1.11e-03]
 [-1.17e-06  2.64e-06 -9.29e-04 -4.98e-05 -5.94e-06 -1.61e-05 -9.91e-07  1.23e-04]
 [ 2.58e-03 -9.29e-04  3.60e-01  1.98e-02  2.30e-03  6.21e-03  3.10e-04 -4.82e-02]
 [ 4.46e-04 -4.98e-05  1.98e-02  3.03e-03  7.13e-05  8.04e-04  1.09e-04 -4.90e-03]
 [ 2.32e-05 -5.94e-06  2.30e-03  7.13e-05  2.88e-05  2.89e-05 -4.33e-06 -2.57e-04]
 [ 1.15e-04 -1.61e-05  6.21e-03  8.04e-04  2.89e-05  2.25e-04  2.67e-05 -2.02e-03]
 [ 4.96e-06 -9.91e-07  3.10e-04  1.09e-04 -4.33e-06  2.67e-05  1.97e-05 -1.13e-04]
 [-1.11e-03  1.23e-04 -4.82e-02 -4.90e-03 -2.57e-04 -2.02e-03 -1.13e-04  7.34e-02]]
Update routine is enabled with value 300 (recommended: 50)
This number is rescaled by cycle length 11 (N_slow + f_fast * N_fast) to 3300


Starting point for rescaled parameters:
from best-fit file :  omega_b  =  2.214838
from best-fit file :  omega_cdm  =  0.1196599
from best-fit file :  H0  =  67.16677
from best-fit file :  A_s  =  2.166821
from best-fit file :  n_s  =  0.9657668
from best-fit file :  tau_reio  =  0.07277187
from best-fit file :  parameters_smg__2  =  0.0005753047
from best-fit file :  A_planck  =  99.98899999999999

#  -LogLkl	1e+02omega_b    omega_cdm       H0              1e+09A_s        n_s             tau_reio        parameters_smg__21e+02A_planck   z_reio          YHe             sigma8          
4  5359.49	2.192186e+00	1.213702e-01	6.653251e+01	2.173972e+00	9.576679e-01	7.059416e-02	2.322076e-03	1.000838e+02	9.436050e+00	2.476473e-01	8.256466e-01	
2  5361.43	2.191679e+00	1.189687e-01	6.739677e+01	2.257381e+00	9.643001e-01	9.074445e-02	2.810497e-03	1.002866e+02	1.122275e+01	2.476451e-01	8.346329e-01	
1  5360.42	2.211778e+00	1.208392e-01	6.689078e+01	2.230540e+00	9.634665e-01	8.049642e-02	4.226491e-03	1.004641e+02	1.029062e+01	2.477317e-01	8.327144e-01	
2  5359.38	2.211778e+00	1.208392e-01	6.689078e+01	2.230540e+00	9.634665e-01	8.049642e-02	4.226491e-03	1.003805e+02	1.029062e+01	2.477317e-01	8.327144e-01	
5  5359.67	2.211778e+00	1.208392e-01	6.689078e+01	2.230540e+00	9.634665e-01	8.049642e-02	4.226491e-03	1.004156e+02	1.029062e+01	2.477317e-01	8.327144e-01	
3  5358.74	2.196329e+00	1.199020e-01	6.705166e+01	2.222030e+00	9.671488e-01	8.325504e-02	7.974436e-03	1.001685e+02	1.056436e+01	2.476651e-01	8.241482e-01	
3  5358.96	2.198590e+00	1.200111e-01	6.703835e+01	2.242899e+00	9.656885e-01	8.692933e-02	8.572812e-03	1.002333e+02	1.088864e+01	2.476749e-01	8.269560e-01	
3  5358.26	2.198590e+00	1.200111e-01	6.703835e+01	2.242899e+00	9.656885e-01	8.692933e-02	8.572812e-03	1.001595e+02	1.088864e+01	2.476749e-01	8.269560e-01	
[[ 2.93e-04 -1.17e-06  2.58e-03  4.46e-04  2.32e-05  1.15e-04  4.96e-06 -1.11e-03  0.00e+00  0.00e+00  0.00e+00]
 [-1.17e-06  2.64e-06 -9.29e-04 -4.98e-05 -5.94e-06 -1.61e-05 -9.91e-07  1.23e-04  0.00e+00  0.00e+00  0.00e+00]
 [ 2.58e-03 -9.29e-04  3.60e-01  1.98e-02  2.30e-03  6.21e-03  3.10e-04 -4.82e-02  0.00e+00  0.00e+00  0.00e+00]
 [ 4.46e-04 -4.98e-05  1.98e-02  3.03e-03  7.13e-05  8.04e-04  1.09e-04 -4.90e-03  0.00e+00  0.00e+00  0.00e+00]
 [ 2.32e-05 -5.94e-06  2.30e-03  7.13e-05  2.88e-05  2.89e-05 -4.33e-06 -2.57e-04  0.00e+00  0.00e+00  0.00e+00]
 [ 1.15e-04 -1.61e-05  6.21e-03  8.04e-04  2.89e-05  2.25e-04  2.67e-05 -2.02e-03  0.00e+00  0.00e+00  0.00e+00]
 [ 4.96e-06 -9.91e-07  3.10e-04  1.09e-04 -4.33e-06  2.67e-05  1.97e-05 -1.13e-04  0.00e+00  0.00e+00  0.00e+00]
 [-1.11e-03  1.23e-04 -4.82e-02 -4.90e-03 -2.57e-04 -2.02e-03 -1.13e-04  7.34e-02  0.00e+00  0.00e+00  0.00e+00]
 [ 0.00e+00  0.00e+00  0.00e+00  0.00e+00  0.00e+00  0.00e+00  0.00e+00  0.00e+00  0.00e+00  0.00e+00  0.00e+00]
 [ 0.00e+00  0.00e+00  0.00e+00  0.00e+00  0.00e+00  0.00e+00  0.00e+00  0.00e+00  0.00e+00  0.00e+00  0.00e+00]
 [ 0.00e+00  0.00e+00  0.00e+00  0.00e+00  0.00e+00  0.00e+00  0.00e+00  0.00e+00  0.00e+00  0.00e+00  0.00e+00]]

Deduced starting covariance matrix:
['omega_b', 'omega_cdm', 'H0', 'A_s', 'n_s', 'tau_reio', 'parameters_smg__2', 'A_planck']
[[ 2.93e-04 -1.17e-06  2.58e-03  4.46e-04  2.32e-05  1.15e-04  4.96e-06 -1.11e-03]
 [-1.17e-06  2.64e-06 -9.29e-04 -4.98e-05 -5.94e-06 -1.61e-05 -9.91e-07  1.23e-04]
 [ 2.58e-03 -9.29e-04  3.60e-01  1.98e-02  2.30e-03  6.21e-03  3.10e-04 -4.82e-02]
 [ 4.46e-04 -4.98e-05  1.98e-02  3.03e-03  7.13e-05  8.04e-04  1.09e-04 -4.90e-03]
 [ 2.32e-05 -5.94e-06  2.30e-03  7.13e-05  2.88e-05  2.89e-05 -4.33e-06 -2.57e-04]
