 BFLike Ntemp  =        2876
 BFLike Nq     =        1407
 BFLike Nu     =        1407
 BFLike Nside  =          16
 BFLike Nwrite =    32393560
 BFLike Ntemp  =        2876
 BFLike Nq     =        1407
 BFLike Nu     =        1407
 BFLike Nside  =          16
 BFLike Nwrite =    32393560
 BFLike Ntemp  =        2876
 BFLike Ntemp  =        2876
 BFLike Nq     =        1407
 BFLike Nu     =        1407
 BFLike Nside  =          16
 BFLike Nwrite =    32393560
 BFLike Nq     =        1407
 BFLike Nu     =        1407
 BFLike Nside  =          16
 BFLike Nwrite =    32393560
 BFLike Ntemp  =        2876
 BFLike Nq     =        1407
 BFLike Nu     =        1407
 BFLike Nside  =          16
 BFLike Nwrite =    32393560
 BFLike Ntemp  =        2876
 BFLike Nq     =        1407
 BFLike Nu     =        1407
 BFLike Nside  =          16
 BFLike Nwrite =    32393560
 cls file appears to have 5+ columns
 assuming it is a CAMB file with l, TT, EE, BB, TE
 cls file appears to have 5+ columns
 assuming it is a CAMB file with l, TT, EE, BB, TE
 cls file appears to have 5+ columns
 assuming it is a CAMB file with l, TT, EE, BB, TE
 cls file appears to have 5+ columns
 assuming it is a CAMB file with l, TT, EE, BB, TE
 cls file appears to have 5+ columns
 assuming it is a CAMB file with l, TT, EE, BB, TE
 cls file appears to have 5+ columns
 assuming it is a CAMB file with l, TT, EE, BB, TE
 info =            0
 info =            0
 info =            0
 info =            0
 info =            0
 info =            0
 /!\ Appending to an existing folder: using the log.param instead of
     input/noslip.param
Running Monte Python v3.0.1

with CLASS v2.4.5
 /!\ Running CLASS from a non version-controlled repository
 /!\ CLASS set to branch , wrt. the one used in the log.param: no_slip.
 /!\ CLASS set to version , wrt. the one used in the log.param:
     5a55ab64144c5047d791aa31c99b7b67ad552201.

Testing likelihoods for:
 -> Planck_highl, Planck_lowl, Planck_lensing

 /!\ PyFITS is deprecated, please use astropy.io.fits
----
clik version 6dc2a8cf3965
  smica
Checking likelihood '/scratch1/scratchdirs/micbru/NoSlip/planck/plc-2.0/../plc_2.0/hi_l/plik/plik_dx11dr2_HM_v18_TT.clik' on test data. got -380.979 expected -380.979 (diff -8.68454e-09)
----
----
clik version 6dc2a8cf3965
  bflike_smw
Checking likelihood '/scratch1/scratchdirs/micbru/NoSlip/planck/plc-2.0/../plc_2.0/low_l/bflike/lowl_SMW_70_dx11d_2014_10_03_v5c_Ap.clik' on test data. got -5247.87 expected -5247.87 (diff 2.61964e-07)
----
Checking lensing likelihood '/scratch1/scratchdirs/micbru/NoSlip/planck/plc-2.0/../plc_2.0/lensing/smica_g30_ftl_full_pp.clik_lensing' on test data. got -5.91088 expected -5.91088 (diff 9.56746e-11)
Creating chains/noslip/2018-09-18_100000__6.txt


Input covariance matrix:
['omega_b', 'omega_cdm', 'H0', 'A_s', 'n_s', 'tau_reio', 'parameters_smg__2', 'A_cib_217', 'xi_sz_cib', 'A_sz', 'ps_A_100_100', 'ps_A_143_143', 'ps_A_143_217', 'ps_A_217_217', 'ksz_norm', 'gal545_A_100', 'gal545_A_143', 'gal545_A_143_217', 'gal545_A_217', 'calib_100T', 'calib_217T', 'A_planck', 'z_reio', 'YHe', 'sigma8']
[[ 1.03e-07 -4.07e-07  2.40e-04  1.32e-14  1.07e-06  4.48e-06  7.76e-07 -6.81e-05 -1.87e-05 -1.73e-04 -5.78e-04 -1.15e-03 -1.91e-03 -1.65e-03
   1.87e-06  2.11e-04 -3.21e-05 -1.38e-04 -9.58e-05 -5.67e-09 -8.98e-09 -9.42e-07  3.98e-04  4.42e-08 -1.37e-07]
 [-4.07e-07  2.79e-06 -1.43e-03 -8.86e-14 -4.51e-06 -2.76e-05 -5.01e-06 -1.13e-04  3.95e-05  8.02e-04 -2.63e-03  3.98e-03  8.99e-03  9.75e-03
  -1.42e-03 -8.09e-04  1.08e-05 -1.01e-03 -2.48e-03 -8.36e-08 -3.11e-07  3.99e-06 -2.43e-03 -1.74e-07  6.43e-07]
 [ 2.40e-04 -1.43e-03  7.61e-01  4.62e-11  2.79e-03  1.47e-02  2.55e-03 -9.18e-02 -2.63e-02 -4.58e-01  2.98e-01 -2.46e+00 -5.03e+00 -5.17e+00
   5.54e-01  4.76e-01 -5.53e-02  3.69e-01  1.11e+00  2.50e-05  1.38e-04 -2.34e-03  1.29e+00  1.03e-04 -1.18e-04]
 [ 1.32e-14 -8.86e-14  4.62e-11  2.94e-21  1.64e-13  9.11e-13  1.45e-13 -2.34e-12 -1.31e-12 -2.67e-11  5.50e-11 -1.43e-10 -3.09e-10 -3.30e-10
   4.44e-11  2.41e-11 -6.34e-12  3.86e-11  1.05e-10  2.30e-15  1.41e-14 -1.31e-13  8.05e-11  5.64e-15  3.04e-14]
 [ 1.07e-06 -4.51e-06  2.79e-03  1.64e-13  4.30e-05  5.96e-05  5.05e-06 -2.10e-02  1.72e-05  4.84e-05 -7.79e-02 -1.75e-02 -1.19e-02  3.49e-03
  -7.77e-03  2.57e-03 -2.20e-03  5.56e-03  1.89e-02 -2.47e-07 -9.70e-08 -1.42e-05  5.02e-03  4.54e-07  1.63e-05]
 [ 4.48e-06 -2.76e-05  1.47e-02  9.11e-13  5.96e-05  2.87e-04  4.63e-05 -4.96e-03 -4.02e-04 -8.68e-03 -4.83e-03 -4.78e-02 -9.61e-02 -9.91e-02
   1.03e-02  8.60e-03 -2.12e-03  1.01e-02  2.95e-02  4.15e-07  3.51e-06 -4.50e-05  2.54e-02  1.92e-06  7.93e-06]
 [ 7.76e-07 -5.01e-06  2.55e-03  1.45e-13  5.05e-06  4.63e-05  1.08e-05  1.54e-03 -1.23e-04 -1.35e-03  9.91e-03 -6.57e-03 -1.56e-02 -1.64e-02
   2.67e-03  1.76e-03  6.88e-04  4.16e-04  2.52e-04  2.20e-07  4.10e-09 -6.95e-06  4.07e-03  3.33e-07 -7.57e-06]
 [-6.81e-05 -1.13e-04 -9.18e-02 -2.34e-12 -2.10e-02 -4.96e-03  1.54e-03  3.14e+01 -1.59e-01 -1.17e+00  4.11e+01  7.16e+00 -9.37e+00 -3.92e+01
   5.15e+00 -4.83e-01  2.56e+00 -9.69e-01 -1.66e+01 -1.34e-03  2.02e-03  4.19e-03 -2.54e-01 -2.74e-05 -8.77e-03]
 [-1.87e-05  3.95e-05 -2.63e-02 -1.31e-12  1.72e-05 -4.02e-04 -1.23e-04 -1.59e-01  8.43e-02 -7.00e-02 -6.75e-01  1.84e+00  2.54e+00  3.97e-01
  -5.25e-02 -1.26e-01  5.34e-02  4.86e-01  4.43e-01 -4.83e-05  5.34e-05 -3.12e-05 -3.86e-02 -8.05e-06  1.44e-04]
 [-1.73e-04  8.02e-04 -4.58e-01 -2.67e-11  4.84e-05 -8.68e-03 -1.35e-03 -1.17e+00 -7.00e-02  2.48e+00 -1.09e+01 -2.22e+00  4.05e+00  5.62e+00
 /!\ Appending to an existing folder: using the log.param instead of
     input/noslip.param
Running Monte Python v3.0.1

with CLASS v2.4.5
 /!\ Running CLASS from a non version-controlled repository
 /!\ CLASS set to branch , wrt. the one used in the log.param: no_slip.
 /!\ CLASS set to version , wrt. the one used in the log.param:
     5a55ab64144c5047d791aa31c99b7b67ad552201.

Testing likelihoods for:
 -> Planck_highl, Planck_lowl, Planck_lensing

 /!\ PyFITS is deprecated, please use astropy.io.fits
----
clik version 6dc2a8cf3965
  smica
Checking likelihood '/scratch1/scratchdirs/micbru/NoSlip/planck/plc-2.0/../plc_2.0/hi_l/plik/plik_dx11dr2_HM_v18_TT.clik' on test data. got -380.979 expected -380.979 (diff -8.68454e-09)
----
----
clik version 6dc2a8cf3965
  bflike_smw
Checking likelihood '/scratch1/scratchdirs/micbru/NoSlip/planck/plc-2.0/../plc_2.0/low_l/bflike/lowl_SMW_70_dx11d_2014_10_03_v5c_Ap.clik' on test data. got -5247.87 expected -5247.87 (diff 2.61964e-07)
----
Checking lensing likelihood '/scratch1/scratchdirs/micbru/NoSlip/planck/plc-2.0/../plc_2.0/lensing/smica_g30_ftl_full_pp.clik_lensing' on test data. got -5.91088 expected -5.91088 (diff 9.56746e-11)
Creating chains/noslip/2018-09-18_100000__5.txt


Input covariance matrix:
['omega_b', 'omega_cdm', 'H0', 'A_s', 'n_s', 'tau_reio', 'parameters_smg__2', 'A_cib_217', 'xi_sz_cib', 'A_sz', 'ps_A_100_100', 'ps_A_143_143', 'ps_A_143_217', 'ps_A_217_217', 'ksz_norm', 'gal545_A_100', 'gal545_A_143', 'gal545_A_143_217', 'gal545_A_217', 'calib_100T', 'calib_217T', 'A_planck', 'z_reio', 'YHe', 'sigma8']
[[ 1.03e-07 -4.07e-07  2.40e-04  1.32e-14  1.07e-06  4.48e-06  7.76e-07 -6.81e-05 -1.87e-05 -1.73e-04 -5.78e-04 -1.15e-03 -1.91e-03 -1.65e-03
   1.87e-06  2.11e-04 -3.21e-05 -1.38e-04 -9.58e-05 -5.67e-09 -8.98e-09 -9.42e-07  3.98e-04  4.42e-08 -1.37e-07]
 [-4.07e-07  2.79e-06 -1.43e-03 -8.86e-14 -4.51e-06 -2.76e-05 -5.01e-06 -1.13e-04  3.95e-05  8.02e-04 -2.63e-03  3.98e-03  8.99e-03  9.75e-03
  -1.42e-03 -8.09e-04  1.08e-05 -1.01e-03 -2.48e-03 -8.36e-08 -3.11e-07  3.99e-06 -2.43e-03 -1.74e-07  6.43e-07]
 [ 2.40e-04 -1.43e-03  7.61e-01  4.62e-11  2.79e-03  1.47e-02  2.55e-03 -9.18e-02 -2.63e-02 -4.58e-01  2.98e-01 -2.46e+00 -5.03e+00 -5.17e+00
   5.54e-01  4.76e-01 -5.53e-02  3.69e-01  1.11e+00  2.50e-05  1.38e-04 -2.34e-03  1.29e+00  1.03e-04 -1.18e-04]
 [ 1.32e-14 -8.86e-14  4.62e-11  2.94e-21  1.64e-13  9.11e-13  1.45e-13 -2.34e-12 -1.31e-12 -2.67e-11  5.50e-11 -1.43e-10 -3.09e-10 -3.30e-10
   4.44e-11  2.41e-11 -6.34e-12  3.86e-11  1.05e-10  2.30e-15  1.41e-14 -1.31e-13  8.05e-11  5.64e-15  3.04e-14]
 [ 1.07e-06 -4.51e-06  2.79e-03  1.64e-13  4.30e-05  5.96e-05  5.05e-06 -2.10e-02  1.72e-05  4.84e-05 -7.79e-02 -1.75e-02 -1.19e-02  3.49e-03
  -7.77e-03  2.57e-03 -2.20e-03  5.56e-03  1.89e-02 -2.47e-07 -9.70e-08 -1.42e-05  5.02e-03  4.54e-07  1.63e-05]
 [ 4.48e-06 -2.76e-05  1.47e-02  9.11e-13  5.96e-05  2.87e-04  4.63e-05 -4.96e-03 -4.02e-04 -8.68e-03 -4.83e-03 -4.78e-02 -9.61e-02 -9.91e-02
   1.03e-02  8.60e-03 -2.12e-03  1.01e-02  2.95e-02  4.15e-07  3.51e-06 -4.50e-05  2.54e-02  1.92e-06  7.93e-06]
 [ 7.76e-07 -5.01e-06  2.55e-03  1.45e-13  5.05e-06  4.63e-05  1.08e-05  1.54e-03 -1.23e-04 -1.35e-03  9.91e-03 -6.57e-03 -1.56e-02 -1.64e-02
   2.67e-03  1.76e-03  6.88e-04  4.16e-04  2.52e-04  2.20e-07  4.10e-09 -6.95e-06  4.07e-03  3.33e-07 -7.57e-06]
 [-6.81e-05 -1.13e-04 -9.18e-02 -2.34e-12 -2.10e-02 -4.96e-03  1.54e-03  3.14e+01 -1.59e-01 -1.17e+00  4.11e+01  7.16e+00 -9.37e+00 -3.92e+01
   5.15e+00 -4.83e-01  2.56e+00 -9.69e-01 -1.66e+01 -1.34e-03  2.02e-03  4.19e-03 -2.54e-01 -2.74e-05 -8.77e-03]
 [-1.87e-05  3.95e-05 -2.63e-02 -1.31e-12  1.72e-05 -4.02e-04 -1.23e-04 -1.59e-01  8.43e-02 -7.00e-02 -6.75e-01  1.84e+00  2.54e+00  3.97e-01
  -5.25e-02 -1.26e-01  5.34e-02  4.86e-01  4.43e-01 -4.83e-05  5.34e-05 -3.12e-05 -3.86e-02 -8.05e-06  1.44e-04]
 [-1.73e-04  8.02e-04 -4.58e-01 -2.67e-11  4.84e-05 -8.68e-03 -1.35e-03 -1.17e+00 -7.00e-02  2.48e+00 -1.09e+01 -2.22e+00  4.05e+00  5.62e+00
 /!\ Appending to an existing folder: using the log.param instead of
     input/noslip.param
Running Monte Python v3.0.1

with CLASS v2.4.5
 /!\ Running CLASS from a non version-controlled repository
 /!\ CLASS set to branch , wrt. the one used in the log.param: no_slip.
 /!\ CLASS set to version , wrt. the one used in the log.param:
     5a55ab64144c5047d791aa31c99b7b67ad552201.

Testing likelihoods for:
 -> Planck_highl, Planck_lowl, Planck_lensing

 /!\ PyFITS is deprecated, please use astropy.io.fits
----
clik version 6dc2a8cf3965
  smica
Checking likelihood '/scratch1/scratchdirs/micbru/NoSlip/planck/plc-2.0/../plc_2.0/hi_l/plik/plik_dx11dr2_HM_v18_TT.clik' on test data. got -380.979 expected -380.979 (diff -8.68454e-09)
----
----
clik version 6dc2a8cf3965
  bflike_smw
Checking likelihood '/scratch1/scratchdirs/micbru/NoSlip/planck/plc-2.0/../plc_2.0/low_l/bflike/lowl_SMW_70_dx11d_2014_10_03_v5c_Ap.clik' on test data. got -5247.87 expected -5247.87 (diff 2.61964e-07)
----
Checking lensing likelihood '/scratch1/scratchdirs/micbru/NoSlip/planck/plc-2.0/../plc_2.0/lensing/smica_g30_ftl_full_pp.clik_lensing' on test data. got -5.91088 expected -5.91088 (diff 9.56746e-11)
Creating chains/noslip/2018-09-18_100000__4.txt


Input covariance matrix:
['omega_b', 'omega_cdm', 'H0', 'A_s', 'n_s', 'tau_reio', 'parameters_smg__2', 'A_cib_217', 'xi_sz_cib', 'A_sz', 'ps_A_100_100', 'ps_A_143_143', 'ps_A_143_217', 'ps_A_217_217', 'ksz_norm', 'gal545_A_100', 'gal545_A_143', 'gal545_A_143_217', 'gal545_A_217', 'calib_100T', 'calib_217T', 'A_planck', 'z_reio', 'YHe', 'sigma8']
[[ 1.03e-07 -4.07e-07  2.40e-04  1.32e-14  1.07e-06  4.48e-06  7.76e-07 -6.81e-05 -1.87e-05 -1.73e-04 -5.78e-04 -1.15e-03 -1.91e-03 -1.65e-03
   1.87e-06  2.11e-04 -3.21e-05 -1.38e-04 -9.58e-05 -5.67e-09 -8.98e-09 -9.42e-07  3.98e-04  4.42e-08 -1.37e-07]
 [-4.07e-07  2.79e-06 -1.43e-03 -8.86e-14 -4.51e-06 -2.76e-05 -5.01e-06 -1.13e-04  3.95e-05  8.02e-04 -2.63e-03  3.98e-03  8.99e-03  9.75e-03
  -1.42e-03 -8.09e-04  1.08e-05 -1.01e-03 -2.48e-03 -8.36e-08 -3.11e-07  3.99e-06 -2.43e-03 -1.74e-07  6.43e-07]
 [ 2.40e-04 -1.43e-03  7.61e-01  4.62e-11  2.79e-03  1.47e-02  2.55e-03 -9.18e-02 -2.63e-02 -4.58e-01  2.98e-01 -2.46e+00 -5.03e+00 -5.17e+00
   5.54e-01  4.76e-01 -5.53e-02  3.69e-01  1.11e+00  2.50e-05  1.38e-04 -2.34e-03  1.29e+00  1.03e-04 -1.18e-04]
 [ 1.32e-14 -8.86e-14  4.62e-11  2.94e-21  1.64e-13  9.11e-13  1.45e-13 -2.34e-12 -1.31e-12 -2.67e-11  5.50e-11 -1.43e-10 -3.09e-10 -3.30e-10
   4.44e-11  2.41e-11 -6.34e-12  3.86e-11  1.05e-10  2.30e-15  1.41e-14 -1.31e-13  8.05e-11  5.64e-15  3.04e-14]
 [ 1.07e-06 -4.51e-06  2.79e-03  1.64e-13  4.30e-05  5.96e-05  5.05e-06 -2.10e-02  1.72e-05  4.84e-05 -7.79e-02 -1.75e-02 -1.19e-02  3.49e-03
  -7.77e-03  2.57e-03 -2.20e-03  5.56e-03  1.89e-02 -2.47e-07 -9.70e-08 -1.42e-05  5.02e-03  4.54e-07  1.63e-05]
 [ 4.48e-06 -2.76e-05  1.47e-02  9.11e-13  5.96e-05  2.87e-04  4.63e-05 -4.96e-03 -4.02e-04 -8.68e-03 -4.83e-03 -4.78e-02 -9.61e-02 -9.91e-02
   1.03e-02  8.60e-03 -2.12e-03  1.01e-02  2.95e-02  4.15e-07  3.51e-06 -4.50e-05  2.54e-02  1.92e-06  7.93e-06]
 [ 7.76e-07 -5.01e-06  2.55e-03  1.45e-13  5.05e-06  4.63e-05  1.08e-05  1.54e-03 -1.23e-04 -1.35e-03  9.91e-03 -6.57e-03 -1.56e-02 -1.64e-02
   2.67e-03  1.76e-03  6.88e-04  4.16e-04  2.52e-04  2.20e-07  4.10e-09 -6.95e-06  4.07e-03  3.33e-07 -7.57e-06]
 [-6.81e-05 -1.13e-04 -9.18e-02 -2.34e-12 -2.10e-02 -4.96e-03  1.54e-03  3.14e+01 -1.59e-01 -1.17e+00  4.11e+01  7.16e+00 -9.37e+00 -3.92e+01
   5.15e+00 -4.83e-01  2.56e+00 -9.69e-01 -1.66e+01 -1.34e-03  2.02e-03  4.19e-03 -2.54e-01 -2.74e-05 -8.77e-03]
 [-1.87e-05  3.95e-05 -2.63e-02 -1.31e-12  1.72e-05 -4.02e-04 -1.23e-04 -1.59e-01  8.43e-02 -7.00e-02 -6.75e-01  1.84e+00  2.54e+00  3.97e-01
  -5.25e-02 -1.26e-01  5.34e-02  4.86e-01  4.43e-01 -4.83e-05  5.34e-05 -3.12e-05 -3.86e-02 -8.05e-06  1.44e-04]
 [-1.73e-04  8.02e-04 -4.58e-01 -2.67e-11  4.84e-05 -8.68e-03 -1.35e-03 -1.17e+00 -7.00e-02  2.48e+00 -1.09e+01 -2.22e+00  4.05e+00  5.62e+00
 /!\ Appending to an existing folder: using the log.param instead of
     input/noslip.param
Running Monte Python v3.0.1

with CLASS v2.4.5
 /!\ Running CLASS from a non version-controlled repository
 /!\ CLASS set to branch , wrt. the one used in the log.param: no_slip.
 /!\ CLASS set to version , wrt. the one used in the log.param:
     5a55ab64144c5047d791aa31c99b7b67ad552201.

Testing likelihoods for:
 -> Planck_highl, Planck_lowl, Planck_lensing

 /!\ PyFITS is deprecated, please use astropy.io.fits
----
clik version 6dc2a8cf3965
  smica
Checking likelihood '/scratch1/scratchdirs/micbru/NoSlip/planck/plc-2.0/../plc_2.0/hi_l/plik/plik_dx11dr2_HM_v18_TT.clik' on test data. got -380.979 expected -380.979 (diff -8.68454e-09)
----
----
clik version 6dc2a8cf3965
  bflike_smw
Checking likelihood '/scratch1/scratchdirs/micbru/NoSlip/planck/plc-2.0/../plc_2.0/low_l/bflike/lowl_SMW_70_dx11d_2014_10_03_v5c_Ap.clik' on test data. got -5247.87 expected -5247.87 (diff 2.61964e-07)
----
Checking lensing likelihood '/scratch1/scratchdirs/micbru/NoSlip/planck/plc-2.0/../plc_2.0/lensing/smica_g30_ftl_full_pp.clik_lensing' on test data. got -5.91088 expected -5.91088 (diff 9.56746e-11)
Creating chains/noslip/2018-09-18_100000__2.txt


Input covariance matrix:
['omega_b', 'omega_cdm', 'H0', 'A_s', 'n_s', 'tau_reio', 'parameters_smg__2', 'A_cib_217', 'xi_sz_cib', 'A_sz', 'ps_A_100_100', 'ps_A_143_143', 'ps_A_143_217', 'ps_A_217_217', 'ksz_norm', 'gal545_A_100', 'gal545_A_143', 'gal545_A_143_217', 'gal545_A_217', 'calib_100T', 'calib_217T', 'A_planck', 'z_reio', 'YHe', 'sigma8']
[[ 1.03e-07 -4.07e-07  2.40e-04  1.32e-14  1.07e-06  4.48e-06  7.76e-07 -6.81e-05 -1.87e-05 -1.73e-04 -5.78e-04 -1.15e-03 -1.91e-03 -1.65e-03
   1.87e-06  2.11e-04 -3.21e-05 -1.38e-04 -9.58e-05 -5.67e-09 -8.98e-09 -9.42e-07  3.98e-04  4.42e-08 -1.37e-07]
 [-4.07e-07  2.79e-06 -1.43e-03 -8.86e-14 -4.51e-06 -2.76e-05 -5.01e-06 -1.13e-04  3.95e-05  8.02e-04 -2.63e-03  3.98e-03  8.99e-03  9.75e-03
  -1.42e-03 -8.09e-04  1.08e-05 -1.01e-03 -2.48e-03 -8.36e-08 -3.11e-07  3.99e-06 -2.43e-03 -1.74e-07  6.43e-07]
 [ 2.40e-04 -1.43e-03  7.61e-01  4.62e-11  2.79e-03  1.47e-02  2.55e-03 -9.18e-02 -2.63e-02 -4.58e-01  2.98e-01 -2.46e+00 -5.03e+00 -5.17e+00
   5.54e-01  4.76e-01 -5.53e-02  3.69e-01  1.11e+00  2.50e-05  1.38e-04 -2.34e-03  1.29e+00  1.03e-04 -1.18e-04]
 [ 1.32e-14 -8.86e-14  4.62e-11  2.94e-21  1.64e-13  9.11e-13  1.45e-13 -2.34e-12 -1.31e-12 -2.67e-11  5.50e-11 -1.43e-10 -3.09e-10 -3.30e-10
   4.44e-11  2.41e-11 -6.34e-12  3.86e-11  1.05e-10  2.30e-15  1.41e-14 -1.31e-13  8.05e-11  5.64e-15  3.04e-14]
 [ 1.07e-06 -4.51e-06  2.79e-03  1.64e-13  4.30e-05  5.96e-05  5.05e-06 -2.10e-02  1.72e-05  4.84e-05 -7.79e-02 -1.75e-02 -1.19e-02  3.49e-03
  -7.77e-03  2.57e-03 -2.20e-03  5.56e-03  1.89e-02 -2.47e-07 -9.70e-08 -1.42e-05  5.02e-03  4.54e-07  1.63e-05]
 [ 4.48e-06 -2.76e-05  1.47e-02  9.11e-13  5.96e-05  2.87e-04  4.63e-05 -4.96e-03 -4.02e-04 -8.68e-03 -4.83e-03 -4.78e-02 -9.61e-02 -9.91e-02
   1.03e-02  8.60e-03 -2.12e-03  1.01e-02  2.95e-02  4.15e-07  3.51e-06 -4.50e-05  2.54e-02  1.92e-06  7.93e-06]
 [ 7.76e-07 -5.01e-06  2.55e-03  1.45e-13  5.05e-06  4.63e-05  1.08e-05  1.54e-03 -1.23e-04 -1.35e-03  9.91e-03 -6.57e-03 -1.56e-02 -1.64e-02
   2.67e-03  1.76e-03  6.88e-04  4.16e-04  2.52e-04  2.20e-07  4.10e-09 -6.95e-06  4.07e-03  3.33e-07 -7.57e-06]
 [-6.81e-05 -1.13e-04 -9.18e-02 -2.34e-12 -2.10e-02 -4.96e-03  1.54e-03  3.14e+01 -1.59e-01 -1.17e+00  4.11e+01  7.16e+00 -9.37e+00 -3.92e+01
   5.15e+00 -4.83e-01  2.56e+00 -9.69e-01 -1.66e+01 -1.34e-03  2.02e-03  4.19e-03 -2.54e-01 -2.74e-05 -8.77e-03]
 [-1.87e-05  3.95e-05 -2.63e-02 -1.31e-12  1.72e-05 -4.02e-04 -1.23e-04 -1.59e-01  8.43e-02 -7.00e-02 -6.75e-01  1.84e+00  2.54e+00  3.97e-01
  -5.25e-02 -1.26e-01  5.34e-02  4.86e-01  4.43e-01 -4.83e-05  5.34e-05 -3.12e-05 -3.86e-02 -8.05e-06  1.44e-04]
 [-1.73e-04  8.02e-04 -4.58e-01 -2.67e-11  4.84e-05 -8.68e-03 -1.35e-03 -1.17e+00 -7.00e-02  2.48e+00 -1.09e+01 -2.22e+00  4.05e+00  5.62e+00
 /!\ Appending to an existing folder: using the log.param instead of
     input/noslip.param
Running Monte Python v3.0.1

with CLASS v2.4.5
 /!\ Running CLASS from a non version-controlled repository
 /!\ CLASS set to branch , wrt. the one used in the log.param: no_slip.
 /!\ CLASS set to version , wrt. the one used in the log.param:
     5a55ab64144c5047d791aa31c99b7b67ad552201.

Testing likelihoods for:
 -> Planck_highl, Planck_lowl, Planck_lensing

 /!\ PyFITS is deprecated, please use astropy.io.fits
----
clik version 6dc2a8cf3965
  smica
Checking likelihood '/scratch1/scratchdirs/micbru/NoSlip/planck/plc-2.0/../plc_2.0/hi_l/plik/plik_dx11dr2_HM_v18_TT.clik' on test data. got -380.979 expected -380.979 (diff -8.68454e-09)
----
----
clik version 6dc2a8cf3965
  bflike_smw
Checking likelihood '/scratch1/scratchdirs/micbru/NoSlip/planck/plc-2.0/../plc_2.0/low_l/bflike/lowl_SMW_70_dx11d_2014_10_03_v5c_Ap.clik' on test data. got -5247.87 expected -5247.87 (diff 2.61964e-07)
----
Checking lensing likelihood '/scratch1/scratchdirs/micbru/NoSlip/planck/plc-2.0/../plc_2.0/lensing/smica_g30_ftl_full_pp.clik_lensing' on test data. got -5.91088 expected -5.91088 (diff 9.56746e-11)
Creating chains/noslip/2018-09-18_100000__1.txt


Input covariance matrix:
['omega_b', 'omega_cdm', 'H0', 'A_s', 'n_s', 'tau_reio', 'parameters_smg__2', 'A_cib_217', 'xi_sz_cib', 'A_sz', 'ps_A_100_100', 'ps_A_143_143', 'ps_A_143_217', 'ps_A_217_217', 'ksz_norm', 'gal545_A_100', 'gal545_A_143', 'gal545_A_143_217', 'gal545_A_217', 'calib_100T', 'calib_217T', 'A_planck', 'z_reio', 'YHe', 'sigma8']
[[ 1.03e-07 -4.07e-07  2.40e-04  1.32e-14  1.07e-06  4.48e-06  7.76e-07 -6.81e-05 -1.87e-05 -1.73e-04 -5.78e-04 -1.15e-03 -1.91e-03 -1.65e-03
   1.87e-06  2.11e-04 -3.21e-05 -1.38e-04 -9.58e-05 -5.67e-09 -8.98e-09 -9.42e-07  3.98e-04  4.42e-08 -1.37e-07]
 [-4.07e-07  2.79e-06 -1.43e-03 -8.86e-14 -4.51e-06 -2.76e-05 -5.01e-06 -1.13e-04  3.95e-05  8.02e-04 -2.63e-03  3.98e-03  8.99e-03  9.75e-03
  -1.42e-03 -8.09e-04  1.08e-05 -1.01e-03 -2.48e-03 -8.36e-08 -3.11e-07  3.99e-06 -2.43e-03 -1.74e-07  6.43e-07]
 [ 2.40e-04 -1.43e-03  7.61e-01  4.62e-11  2.79e-03  1.47e-02  2.55e-03 -9.18e-02 -2.63e-02 -4.58e-01  2.98e-01 -2.46e+00 -5.03e+00 -5.17e+00
   5.54e-01  4.76e-01 -5.53e-02  3.69e-01  1.11e+00  2.50e-05  1.38e-04 -2.34e-03  1.29e+00  1.03e-04 -1.18e-04]
 [ 1.32e-14 -8.86e-14  4.62e-11  2.94e-21  1.64e-13  9.11e-13  1.45e-13 -2.34e-12 -1.31e-12 -2.67e-11  5.50e-11 -1.43e-10 -3.09e-10 -3.30e-10
   4.44e-11  2.41e-11 -6.34e-12  3.86e-11  1.05e-10  2.30e-15  1.41e-14 -1.31e-13  8.05e-11  5.64e-15  3.04e-14]
 [ 1.07e-06 -4.51e-06  2.79e-03  1.64e-13  4.30e-05  5.96e-05  5.05e-06 -2.10e-02  1.72e-05  4.84e-05 -7.79e-02 -1.75e-02 -1.19e-02  3.49e-03
  -7.77e-03  2.57e-03 -2.20e-03  5.56e-03  1.89e-02 -2.47e-07 -9.70e-08 -1.42e-05  5.02e-03  4.54e-07  1.63e-05]
 [ 4.48e-06 -2.76e-05  1.47e-02  9.11e-13  5.96e-05  2.87e-04  4.63e-05 -4.96e-03 -4.02e-04 -8.68e-03 -4.83e-03 -4.78e-02 -9.61e-02 -9.91e-02
   1.03e-02  8.60e-03 -2.12e-03  1.01e-02  2.95e-02  4.15e-07  3.51e-06 -4.50e-05  2.54e-02  1.92e-06  7.93e-06]
 [ 7.76e-07 -5.01e-06  2.55e-03  1.45e-13  5.05e-06  4.63e-05  1.08e-05  1.54e-03 -1.23e-04 -1.35e-03  9.91e-03 -6.57e-03 -1.56e-02 -1.64e-02
   2.67e-03  1.76e-03  6.88e-04  4.16e-04  2.52e-04  2.20e-07  4.10e-09 -6.95e-06  4.07e-03  3.33e-07 -7.57e-06]
 [-6.81e-05 -1.13e-04 -9.18e-02 -2.34e-12 -2.10e-02 -4.96e-03  1.54e-03  3.14e+01 -1.59e-01 -1.17e+00  4.11e+01  7.16e+00 -9.37e+00 -3.92e+01
   5.15e+00 -4.83e-01  2.56e+00 -9.69e-01 -1.66e+01 -1.34e-03  2.02e-03  4.19e-03 -2.54e-01 -2.74e-05 -8.77e-03]
 [-1.87e-05  3.95e-05 -2.63e-02 -1.31e-12  1.72e-05 -4.02e-04 -1.23e-04 -1.59e-01  8.43e-02 -7.00e-02 -6.75e-01  1.84e+00  2.54e+00  3.97e-01
  -5.25e-02 -1.26e-01  5.34e-02  4.86e-01  4.43e-01 -4.83e-05  5.34e-05 -3.12e-05 -3.86e-02 -8.05e-06  1.44e-04]
 [-1.73e-04  8.02e-04 -4.58e-01 -2.67e-11  4.84e-05 -8.68e-03 -1.35e-03 -1.17e+00 -7.00e-02  2.48e+00 -1.09e+01 -2.22e+00  4.05e+00  5.62e+00
 /!\ Appending to an existing folder: using the log.param instead of
     input/noslip.param
Running Monte Python v3.0.1

with CLASS v2.4.5
 /!\ Running CLASS from a non version-controlled repository
 /!\ CLASS set to branch , wrt. the one used in the log.param: no_slip.
 /!\ CLASS set to version , wrt. the one used in the log.param:
     5a55ab64144c5047d791aa31c99b7b67ad552201.

Testing likelihoods for:
 -> Planck_highl, Planck_lowl, Planck_lensing

 /!\ PyFITS is deprecated, please use astropy.io.fits
----
clik version 6dc2a8cf3965
  smica
Checking likelihood '/scratch1/scratchdirs/micbru/NoSlip/planck/plc-2.0/../plc_2.0/hi_l/plik/plik_dx11dr2_HM_v18_TT.clik' on test data. got -380.979 expected -380.979 (diff -8.68454e-09)
----
----
clik version 6dc2a8cf3965
  bflike_smw
Checking likelihood '/scratch1/scratchdirs/micbru/NoSlip/planck/plc-2.0/../plc_2.0/low_l/bflike/lowl_SMW_70_dx11d_2014_10_03_v5c_Ap.clik' on test data. got -5247.87 expected -5247.87 (diff 2.61964e-07)
----
Checking lensing likelihood '/scratch1/scratchdirs/micbru/NoSlip/planck/plc-2.0/../plc_2.0/lensing/smica_g30_ftl_full_pp.clik_lensing' on test data. got -5.91088 expected -5.91088 (diff 9.56746e-11)
Creating chains/noslip/2018-09-18_100000__3.txt


Input covariance matrix:
['omega_b', 'omega_cdm', 'H0', 'A_s', 'n_s', 'tau_reio', 'parameters_smg__2', 'A_cib_217', 'xi_sz_cib', 'A_sz', 'ps_A_100_100', 'ps_A_143_143', 'ps_A_143_217', 'ps_A_217_217', 'ksz_norm', 'gal545_A_100', 'gal545_A_143', 'gal545_A_143_217', 'gal545_A_217', 'calib_100T', 'calib_217T', 'A_planck', 'z_reio', 'YHe', 'sigma8']
[[ 1.03e-07 -4.07e-07  2.40e-04  1.32e-14  1.07e-06  4.48e-06  7.76e-07 -6.81e-05 -1.87e-05 -1.73e-04 -5.78e-04 -1.15e-03 -1.91e-03 -1.65e-03
   1.87e-06  2.11e-04 -3.21e-05 -1.38e-04 -9.58e-05 -5.67e-09 -8.98e-09 -9.42e-07  3.98e-04  4.42e-08 -1.37e-07]
 [-4.07e-07  2.79e-06 -1.43e-03 -8.86e-14 -4.51e-06 -2.76e-05 -5.01e-06 -1.13e-04  3.95e-05  8.02e-04 -2.63e-03  3.98e-03  8.99e-03  9.75e-03
  -1.42e-03 -8.09e-04  1.08e-05 -1.01e-03 -2.48e-03 -8.36e-08 -3.11e-07  3.99e-06 -2.43e-03 -1.74e-07  6.43e-07]
 [ 2.40e-04 -1.43e-03  7.61e-01  4.62e-11  2.79e-03  1.47e-02  2.55e-03 -9.18e-02 -2.63e-02 -4.58e-01  2.98e-01 -2.46e+00 -5.03e+00 -5.17e+00
   5.54e-01  4.76e-01 -5.53e-02  3.69e-01  1.11e+00  2.50e-05  1.38e-04 -2.34e-03  1.29e+00  1.03e-04 -1.18e-04]
 [ 1.32e-14 -8.86e-14  4.62e-11  2.94e-21  1.64e-13  9.11e-13  1.45e-13 -2.34e-12 -1.31e-12 -2.67e-11  5.50e-11 -1.43e-10 -3.09e-10 -3.30e-10
   4.44e-11  2.41e-11 -6.34e-12  3.86e-11  1.05e-10  2.30e-15  1.41e-14 -1.31e-13  8.05e-11  5.64e-15  3.04e-14]
 [ 1.07e-06 -4.51e-06  2.79e-03  1.64e-13  4.30e-05  5.96e-05  5.05e-06 -2.10e-02  1.72e-05  4.84e-05 -7.79e-02 -1.75e-02 -1.19e-02  3.49e-03
  -7.77e-03  2.57e-03 -2.20e-03  5.56e-03  1.89e-02 -2.47e-07 -9.70e-08 -1.42e-05  5.02e-03  4.54e-07  1.63e-05]
 [ 4.48e-06 -2.76e-05  1.47e-02  9.11e-13  5.96e-05  2.87e-04  4.63e-05 -4.96e-03 -4.02e-04 -8.68e-03 -4.83e-03 -4.78e-02 -9.61e-02 -9.91e-02
   1.03e-02  8.60e-03 -2.12e-03  1.01e-02  2.95e-02  4.15e-07  3.51e-06 -4.50e-05  2.54e-02  1.92e-06  7.93e-06]
 [ 7.76e-07 -5.01e-06  2.55e-03  1.45e-13  5.05e-06  4.63e-05  1.08e-05  1.54e-03 -1.23e-04 -1.35e-03  9.91e-03 -6.57e-03 -1.56e-02 -1.64e-02
   2.67e-03  1.76e-03  6.88e-04  4.16e-04  2.52e-04  2.20e-07  4.10e-09 -6.95e-06  4.07e-03  3.33e-07 -7.57e-06]
 [-6.81e-05 -1.13e-04 -9.18e-02 -2.34e-12 -2.10e-02 -4.96e-03  1.54e-03  3.14e+01 -1.59e-01 -1.17e+00  4.11e+01  7.16e+00 -9.37e+00 -3.92e+01
   5.15e+00 -4.83e-01  2.56e+00 -9.69e-01 -1.66e+01 -1.34e-03  2.02e-03  4.19e-03 -2.54e-01 -2.74e-05 -8.77e-03]
 [-1.87e-05  3.95e-05 -2.63e-02 -1.31e-12  1.72e-05 -4.02e-04 -1.23e-04 -1.59e-01  8.43e-02 -7.00e-02 -6.75e-01  1.84e+00  2.54e+00  3.97e-01
  -5.25e-02 -1.26e-01  5.34e-02  4.86e-01  4.43e-01 -4.83e-05  5.34e-05 -3.12e-05 -3.86e-02 -8.05e-06  1.44e-04]
 [-1.73e-04  8.02e-04 -4.58e-01 -2.67e-11  4.84e-05 -8.68e-03 -1.35e-03 -1.17e+00 -7.00e-02  2.48e+00 -1.09e+01 -2.22e+00  4.05e+00  5.62e+00
  -1.13e+00 -6.32e-02 -1.34e-01  1.01e+00  3.49e-01  3.30e-04 -5.57e-04  1.91e-03 -7.91e-01 -7.40e-05  3.33e-04]
 [-5.78e-04 -2.63e-03  2.98e-01  5.50e-11 -7.79e-02 -4.83e-03  9.91e-03  4.11e+01 -6.75e-01 -1.09e+01  7.04e+02  5.74e+01 -3.27e+01 -6.06e+01
   1.80e+01 -1.46e+01  1.70e+00 -3.64e-01 -3.91e+00  1.03e-02 -3.03e-04  1.30e-02  1.73e-01 -2.40e-04 -3.37e-02]
 [-1.15e-03  3.98e-03 -2.46e+00 -1.43e-10 -1.75e-02 -4.78e-02 -6.57e-03  7.16e+00  1.84e+00 -2.22e+00  5.74e+01  8.38e+01  8.35e+01  2.29e+01
  -9.68e+00 -8.32e+00  2.86e+00  1.50e+01  6.71e+00 -1.19e-03  8.77e-05  6.43e-03 -4.25e+00 -4.92e-04 -4.47e-03]
 [-1.91e-03  8.99e-03 -5.03e+00 -3.09e-10 -1.19e-02 -9.61e-02 -1.56e-02 -9.37e+00  2.54e+00  4.05e+00 -3.27e+01  8.35e+01  1.30e+02  6.75e+01
  -1.49e+01 -7.95e+00  2.69e+00  1.32e+01  5.51e+00 -9.22e-04 -1.32e-03  1.13e-02 -8.68e+00 -8.19e-04 -7.69e-04]
 [-1.65e-03  9.75e-03 -5.17e+00 -3.30e-10  3.49e-03 -9.91e-02 -1.64e-02 -3.92e+01  3.97e-01  5.62e+00 -6.06e+01  2.29e+01  6.75e+01  1.08e+02
  -1.63e+01 -4.04e+00 -1.31e+00 -4.17e+00  3.10e+00  1.37e-03 -4.95e-03  1.12e-02 -9.04e+00 -7.11e-04  2.56e-03]
 [ 1.87e-06 -1.42e-03  5.54e-01  4.44e-11 -7.77e-03  1.03e-02  2.67e-03  5.15e+00 -5.25e-02 -1.13e+00  1.80e+01 -9.68e+00 -1.49e+01 -1.63e+01
   9.87e+00  1.57e+00 -2.23e-01 -3.06e+00 -2.67e+00  1.97e-04  9.42e-04  2.04e-03  9.79e-01  1.84e-06 -2.75e-03]
 [ 2.11e-04 -8.09e-04  4.76e-01  2.41e-11  2.57e-03  8.60e-03  1.76e-03 -4.83e-01 -1.26e-01 -6.32e-02 -1.46e+01 -8.32e+00 -7.95e+00 -4.04e+00
   1.57e+00  3.16e+00 -2.42e-02 -1.68e+00 -9.95e-01  1.30e-04  2.09e-05 -1.44e-03  7.53e-01  9.04e-05 -9.05e-04]
 [-3.21e-05  1.08e-05 -5.53e-02 -6.34e-12 -2.20e-03 -2.12e-03  6.88e-04  2.56e+00  5.34e-02 -1.34e-01  1.70e+00  2.86e+00  2.69e+00 -1.31e+00
  -2.23e-01 -2.42e-02  2.12e+00  1.57e+00 -2.49e-01 -3.98e-04  1.91e-04  5.40e-04 -1.90e-01 -1.35e-05 -2.75e-03]
 [-1.38e-04 -1.01e-03  3.69e-01  3.86e-11  5.56e-03  1.01e-02  4.16e-04 -9.69e-01  4.86e-01  1.01e+00 -3.64e-01  1.50e+01  1.32e+01 -4.17e+00
  -3.06e+00 -1.68e+00  1.57e+00  1.79e+01  2.59e+01 -1.35e-04  2.65e-03 -4.43e-04  8.27e-01 -5.91e-05  5.13e-03]
 [-9.58e-05 -2.48e-03  1.11e+00  1.05e-10  1.89e-02  2.95e-02  2.52e-04 -1.66e+01  4.43e-01  3.49e-01 -3.91e+00  6.71e+00  5.51e+00  3.10e+00
  -2.67e+00 -9.95e-01 -2.49e-01  2.59e+01  5.69e+01  8.60e-04  5.77e-03 -2.30e-03  2.47e+00 -4.19e-05  1.64e-02]
 [-5.67e-09 -8.36e-08  2.50e-05  2.30e-15 -2.47e-07  4.15e-07  2.20e-07 -1.34e-03 -4.83e-05  3.30e-04  1.03e-02 -1.19e-03 -9.22e-04  1.37e-03
   1.97e-04  1.30e-04 -3.98e-04 -1.35e-04  8.60e-04  7.20e-07 -1.84e-07  9.10e-08  3.68e-05 -2.35e-09 -2.51e-07]
 [-8.98e-09 -3.11e-07  1.38e-04  1.41e-14 -9.70e-08  3.51e-06  4.10e-09  2.02e-03  5.34e-05 -5.57e-04 -3.03e-04  8.77e-05 -1.32e-03 -4.95e-03
   9.42e-04  2.09e-05  1.91e-04  2.65e-03  5.77e-03 -1.84e-07  1.99e-06  1.32e-07  3.23e-04 -3.77e-09  1.61e-06]
 [-9.42e-07  3.99e-06 -2.34e-03 -1.31e-13 -1.42e-05 -4.50e-05 -6.95e-06  4.19e-03 -3.12e-05  1.91e-03  1.30e-02  6.43e-03  1.13e-02  1.12e-02
   2.04e-03 -1.44e-03  5.40e-04 -4.43e-04 -2.30e-03  9.10e-08  1.32e-07  1.07e-05 -3.95e-03 -4.03e-07 -1.20e-06]
 [ 3.98e-04 -2.43e-03  1.29e+00  8.05e-11  5.02e-03  2.54e-02  4.07e-03 -2.54e-01 -3.86e-02 -7.91e-01  1.73e-01 -4.25e+00 -8.68e+00 -9.04e+00
   9.79e-01  7.53e-01 -1.90e-01  8.27e-01  2.47e+00  3.68e-05  3.23e-04 -3.95e-03  2.24e+00  1.70e-04  6.99e-04]
 [ 4.42e-08 -1.74e-07  1.03e-04  5.64e-15  4.54e-07  1.92e-06  3.33e-07 -2.74e-05 -8.05e-06 -7.40e-05 -2.40e-04 -4.92e-04 -8.19e-04 -7.11e-04
   1.84e-06  9.04e-05 -1.35e-05 -5.91e-05 -4.19e-05 -2.35e-09 -3.77e-09 -4.03e-07  1.70e-04  1.89e-08 -6.02e-08]
 [-1.37e-07  6.43e-07 -1.18e-04  3.04e-14  1.63e-05  7.93e-06 -7.57e-06 -8.77e-03  1.44e-04  3.33e-04 -3.37e-02 -4.47e-03 -7.69e-04  2.56e-03
  -2.75e-03 -9.05e-04 -2.75e-03  5.13e-03  1.64e-02 -2.51e-07  1.61e-06 -1.20e-06  6.99e-04 -6.02e-08  2.48e-05]]

First treatment (scaling)
  -1.13e+00 -6.32e-02 -1.34e-01  1.01e+00  3.49e-01  3.30e-04 -5.57e-04  1.91e-03 -7.91e-01 -7.40e-05  3.33e-04]
 [-5.78e-04 -2.63e-03  2.98e-01  5.50e-11 -7.79e-02 -4.83e-03  9.91e-03  4.11e+01 -6.75e-01 -1.09e+01  7.04e+02  5.74e+01 -3.27e+01 -6.06e+01
   1.80e+01 -1.46e+01  1.70e+00 -3.64e-01 -3.91e+00  1.03e-02 -3.03e-04  1.30e-02  1.73e-01 -2.40e-04 -3.37e-02]
 [-1.15e-03  3.98e-03 -2.46e+00 -1.43e-10 -1.75e-02 -4.78e-02 -6.57e-03  7.16e+00  1.84e+00 -2.22e+00  5.74e+01  8.38e+01  8.35e+01  2.29e+01
  -9.68e+00 -8.32e+00  2.86e+00  1.50e+01  6.71e+00 -1.19e-03  8.77e-05  6.43e-03 -4.25e+00 -4.92e-04 -4.47e-03]
 [-1.91e-03  8.99e-03 -5.03e+00 -3.09e-10 -1.19e-02 -9.61e-02 -1.56e-02 -9.37e+00  2.54e+00  4.05e+00 -3.27e+01  8.35e+01  1.30e+02  6.75e+01
  -1.49e+01 -7.95e+00  2.69e+00  1.32e+01  5.51e+00 -9.22e-04 -1.32e-03  1.13e-02 -8.68e+00 -8.19e-04 -7.69e-04]
 [-1.65e-03  9.75e-03 -5.17e+00 -3.30e-10  3.49e-03 -9.91e-02 -1.64e-02 -3.92e+01  3.97e-01  5.62e+00 -6.06e+01  2.29e+01  6.75e+01  1.08e+02
  -1.63e+01 -4.04e+00 -1.31e+00 -4.17e+00  3.10e+00  1.37e-03 -4.95e-03  1.12e-02 -9.04e+00 -7.11e-04  2.56e-03]
 [ 1.87e-06 -1.42e-03  5.54e-01  4.44e-11 -7.77e-03  1.03e-02  2.67e-03  5.15e+00 -5.25e-02 -1.13e+00  1.80e+01 -9.68e+00 -1.49e+01 -1.63e+01
   9.87e+00  1.57e+00 -2.23e-01 -3.06e+00 -2.67e+00  1.97e-04  9.42e-04  2.04e-03  9.79e-01  1.84e-06 -2.75e-03]
 [ 2.11e-04 -8.09e-04  4.76e-01  2.41e-11  2.57e-03  8.60e-03  1.76e-03 -4.83e-01 -1.26e-01 -6.32e-02 -1.46e+01 -8.32e+00 -7.95e+00 -4.04e+00
   1.57e+00  3.16e+00 -2.42e-02 -1.68e+00 -9.95e-01  1.30e-04  2.09e-05 -1.44e-03  7.53e-01  9.04e-05 -9.05e-04]
 [-3.21e-05  1.08e-05 -5.53e-02 -6.34e-12 -2.20e-03 -2.12e-03  6.88e-04  2.56e+00  5.34e-02 -1.34e-01  1.70e+00  2.86e+00  2.69e+00 -1.31e+00
  -2.23e-01 -2.42e-02  2.12e+00  1.57e+00 -2.49e-01 -3.98e-04  1.91e-04  5.40e-04 -1.90e-01 -1.35e-05 -2.75e-03]
 [-1.38e-04 -1.01e-03  3.69e-01  3.86e-11  5.56e-03  1.01e-02  4.16e-04 -9.69e-01  4.86e-01  1.01e+00 -3.64e-01  1.50e+01  1.32e+01 -4.17e+00
  -3.06e+00 -1.68e+00  1.57e+00  1.79e+01  2.59e+01 -1.35e-04  2.65e-03 -4.43e-04  8.27e-01 -5.91e-05  5.13e-03]
 [-9.58e-05 -2.48e-03  1.11e+00  1.05e-10  1.89e-02  2.95e-02  2.52e-04 -1.66e+01  4.43e-01  3.49e-01 -3.91e+00  6.71e+00  5.51e+00  3.10e+00
  -2.67e+00 -9.95e-01 -2.49e-01  2.59e+01  5.69e+01  8.60e-04  5.77e-03 -2.30e-03  2.47e+00 -4.19e-05  1.64e-02]
 [-5.67e-09 -8.36e-08  2.50e-05  2.30e-15 -2.47e-07  4.15e-07  2.20e-07 -1.34e-03 -4.83e-05  3.30e-04  1.03e-02 -1.19e-03 -9.22e-04  1.37e-03
   1.97e-04  1.30e-04 -3.98e-04 -1.35e-04  8.60e-04  7.20e-07 -1.84e-07  9.10e-08  3.68e-05 -2.35e-09 -2.51e-07]
 [-8.98e-09 -3.11e-07  1.38e-04  1.41e-14 -9.70e-08  3.51e-06  4.10e-09  2.02e-03  5.34e-05 -5.57e-04 -3.03e-04  8.77e-05 -1.32e-03 -4.95e-03
   9.42e-04  2.09e-05  1.91e-04  2.65e-03  5.77e-03 -1.84e-07  1.99e-06  1.32e-07  3.23e-04 -3.77e-09  1.61e-06]
 [-9.42e-07  3.99e-06 -2.34e-03 -1.31e-13 -1.42e-05 -4.50e-05 -6.95e-06  4.19e-03 -3.12e-05  1.91e-03  1.30e-02  6.43e-03  1.13e-02  1.12e-02
   2.04e-03 -1.44e-03  5.40e-04 -4.43e-04 -2.30e-03  9.10e-08  1.32e-07  1.07e-05 -3.95e-03 -4.03e-07 -1.20e-06]
 [ 3.98e-04 -2.43e-03  1.29e+00  8.05e-11  5.02e-03  2.54e-02  4.07e-03 -2.54e-01 -3.86e-02 -7.91e-01  1.73e-01 -4.25e+00 -8.68e+00 -9.04e+00
   9.79e-01  7.53e-01 -1.90e-01  8.27e-01  2.47e+00  3.68e-05  3.23e-04 -3.95e-03  2.24e+00  1.70e-04  6.99e-04]
 [ 4.42e-08 -1.74e-07  1.03e-04  5.64e-15  4.54e-07  1.92e-06  3.33e-07 -2.74e-05 -8.05e-06 -7.40e-05 -2.40e-04 -4.92e-04 -8.19e-04 -7.11e-04
   1.84e-06  9.04e-05 -1.35e-05 -5.91e-05 -4.19e-05 -2.35e-09 -3.77e-09 -4.03e-07  1.70e-04  1.89e-08 -6.02e-08]
 [-1.37e-07  6.43e-07 -1.18e-04  3.04e-14  1.63e-05  7.93e-06 -7.57e-06 -8.77e-03  1.44e-04  3.33e-04 -3.37e-02 -4.47e-03 -7.69e-04  2.56e-03
  -2.75e-03 -9.05e-04 -2.75e-03  5.13e-03  1.64e-02 -2.51e-07  1.61e-06 -1.20e-06  6.99e-04 -6.02e-08  2.48e-05]]

First treatment (scaling)
  -1.13e+00 -6.32e-02 -1.34e-01  1.01e+00  3.49e-01  3.30e-04 -5.57e-04  1.91e-03 -7.91e-01 -7.40e-05  3.33e-04]
 [-5.78e-04 -2.63e-03  2.98e-01  5.50e-11 -7.79e-02 -4.83e-03  9.91e-03  4.11e+01 -6.75e-01 -1.09e+01  7.04e+02  5.74e+01 -3.27e+01 -6.06e+01
   1.80e+01 -1.46e+01  1.70e+00 -3.64e-01 -3.91e+00  1.03e-02 -3.03e-04  1.30e-02  1.73e-01 -2.40e-04 -3.37e-02]
 [-1.15e-03  3.98e-03 -2.46e+00 -1.43e-10 -1.75e-02 -4.78e-02 -6.57e-03  7.16e+00  1.84e+00 -2.22e+00  5.74e+01  8.38e+01  8.35e+01  2.29e+01
  -9.68e+00 -8.32e+00  2.86e+00  1.50e+01  6.71e+00 -1.19e-03  8.77e-05  6.43e-03 -4.25e+00 -4.92e-04 -4.47e-03]
 [-1.91e-03  8.99e-03 -5.03e+00 -3.09e-10 -1.19e-02 -9.61e-02 -1.56e-02 -9.37e+00  2.54e+00  4.05e+00 -3.27e+01  8.35e+01  1.30e+02  6.75e+01
  -1.49e+01 -7.95e+00  2.69e+00  1.32e+01  5.51e+00 -9.22e-04 -1.32e-03  1.13e-02 -8.68e+00 -8.19e-04 -7.69e-04]
 [-1.65e-03  9.75e-03 -5.17e+00 -3.30e-10  3.49e-03 -9.91e-02 -1.64e-02 -3.92e+01  3.97e-01  5.62e+00 -6.06e+01  2.29e+01  6.75e+01  1.08e+02
  -1.63e+01 -4.04e+00 -1.31e+00 -4.17e+00  3.10e+00  1.37e-03 -4.95e-03  1.12e-02 -9.04e+00 -7.11e-04  2.56e-03]
 [ 1.87e-06 -1.42e-03  5.54e-01  4.44e-11 -7.77e-03  1.03e-02  2.67e-03  5.15e+00 -5.25e-02 -1.13e+00  1.80e+01 -9.68e+00 -1.49e+01 -1.63e+01
   9.87e+00  1.57e+00 -2.23e-01 -3.06e+00 -2.67e+00  1.97e-04  9.42e-04  2.04e-03  9.79e-01  1.84e-06 -2.75e-03]
 [ 2.11e-04 -8.09e-04  4.76e-01  2.41e-11  2.57e-03  8.60e-03  1.76e-03 -4.83e-01 -1.26e-01 -6.32e-02 -1.46e+01 -8.32e+00 -7.95e+00 -4.04e+00
   1.57e+00  3.16e+00 -2.42e-02 -1.68e+00 -9.95e-01  1.30e-04  2.09e-05 -1.44e-03  7.53e-01  9.04e-05 -9.05e-04]
 [-3.21e-05  1.08e-05 -5.53e-02 -6.34e-12 -2.20e-03 -2.12e-03  6.88e-04  2.56e+00  5.34e-02 -1.34e-01  1.70e+00  2.86e+00  2.69e+00 -1.31e+00
  -2.23e-01 -2.42e-02  2.12e+00  1.57e+00 -2.49e-01 -3.98e-04  1.91e-04  5.40e-04 -1.90e-01 -1.35e-05 -2.75e-03]
 [-1.38e-04 -1.01e-03  3.69e-01  3.86e-11  5.56e-03  1.01e-02  4.16e-04 -9.69e-01  4.86e-01  1.01e+00 -3.64e-01  1.50e+01  1.32e+01 -4.17e+00
  -3.06e+00 -1.68e+00  1.57e+00  1.79e+01  2.59e+01 -1.35e-04  2.65e-03 -4.43e-04  8.27e-01 -5.91e-05  5.13e-03]
 [-9.58e-05 -2.48e-03  1.11e+00  1.05e-10  1.89e-02  2.95e-02  2.52e-04 -1.66e+01  4.43e-01  3.49e-01 -3.91e+00  6.71e+00  5.51e+00  3.10e+00
  -2.67e+00 -9.95e-01 -2.49e-01  2.59e+01  5.69e+01  8.60e-04  5.77e-03 -2.30e-03  2.47e+00 -4.19e-05  1.64e-02]
 [-5.67e-09 -8.36e-08  2.50e-05  2.30e-15 -2.47e-07  4.15e-07  2.20e-07 -1.34e-03 -4.83e-05  3.30e-04  1.03e-02 -1.19e-03 -9.22e-04  1.37e-03
   1.97e-04  1.30e-04 -3.98e-04 -1.35e-04  8.60e-04  7.20e-07 -1.84e-07  9.10e-08  3.68e-05 -2.35e-09 -2.51e-07]
 [-8.98e-09 -3.11e-07  1.38e-04  1.41e-14 -9.70e-08  3.51e-06  4.10e-09  2.02e-03  5.34e-05 -5.57e-04 -3.03e-04  8.77e-05 -1.32e-03 -4.95e-03
   9.42e-04  2.09e-05  1.91e-04  2.65e-03  5.77e-03 -1.84e-07  1.99e-06  1.32e-07  3.23e-04 -3.77e-09  1.61e-06]
 [-9.42e-07  3.99e-06 -2.34e-03 -1.31e-13 -1.42e-05 -4.50e-05 -6.95e-06  4.19e-03 -3.12e-05  1.91e-03  1.30e-02  6.43e-03  1.13e-02  1.12e-02
   2.04e-03 -1.44e-03  5.40e-04 -4.43e-04 -2.30e-03  9.10e-08  1.32e-07  1.07e-05 -3.95e-03 -4.03e-07 -1.20e-06]
 [ 3.98e-04 -2.43e-03  1.29e+00  8.05e-11  5.02e-03  2.54e-02  4.07e-03 -2.54e-01 -3.86e-02 -7.91e-01  1.73e-01 -4.25e+00 -8.68e+00 -9.04e+00
   9.79e-01  7.53e-01 -1.90e-01  8.27e-01  2.47e+00  3.68e-05  3.23e-04 -3.95e-03  2.24e+00  1.70e-04  6.99e-04]
 [ 4.42e-08 -1.74e-07  1.03e-04  5.64e-15  4.54e-07  1.92e-06  3.33e-07 -2.74e-05 -8.05e-06 -7.40e-05 -2.40e-04 -4.92e-04 -8.19e-04 -7.11e-04
   1.84e-06  9.04e-05 -1.35e-05 -5.91e-05 -4.19e-05 -2.35e-09 -3.77e-09 -4.03e-07  1.70e-04  1.89e-08 -6.02e-08]
 [-1.37e-07  6.43e-07 -1.18e-04  3.04e-14  1.63e-05  7.93e-06 -7.57e-06 -8.77e-03  1.44e-04  3.33e-04 -3.37e-02 -4.47e-03 -7.69e-04  2.56e-03
  -2.75e-03 -9.05e-04 -2.75e-03  5.13e-03  1.64e-02 -2.51e-07  1.61e-06 -1.20e-06  6.99e-04 -6.02e-08  2.48e-05]]

First treatment (scaling)
  -1.13e+00 -6.32e-02 -1.34e-01  1.01e+00  3.49e-01  3.30e-04 -5.57e-04  1.91e-03 -7.91e-01 -7.40e-05  3.33e-04]
 [-5.78e-04 -2.63e-03  2.98e-01  5.50e-11 -7.79e-02 -4.83e-03  9.91e-03  4.11e+01 -6.75e-01 -1.09e+01  7.04e+02  5.74e+01 -3.27e+01 -6.06e+01
   1.80e+01 -1.46e+01  1.70e+00 -3.64e-01 -3.91e+00  1.03e-02 -3.03e-04  1.30e-02  1.73e-01 -2.40e-04 -3.37e-02]
 [-1.15e-03  3.98e-03 -2.46e+00 -1.43e-10 -1.75e-02 -4.78e-02 -6.57e-03  7.16e+00  1.84e+00 -2.22e+00  5.74e+01  8.38e+01  8.35e+01  2.29e+01
  -9.68e+00 -8.32e+00  2.86e+00  1.50e+01  6.71e+00 -1.19e-03  8.77e-05  6.43e-03 -4.25e+00 -4.92e-04 -4.47e-03]
 [-1.91e-03  8.99e-03 -5.03e+00 -3.09e-10 -1.19e-02 -9.61e-02 -1.56e-02 -9.37e+00  2.54e+00  4.05e+00 -3.27e+01  8.35e+01  1.30e+02  6.75e+01
  -1.49e+01 -7.95e+00  2.69e+00  1.32e+01  5.51e+00 -9.22e-04 -1.32e-03  1.13e-02 -8.68e+00 -8.19e-04 -7.69e-04]
 [-1.65e-03  9.75e-03 -5.17e+00 -3.30e-10  3.49e-03 -9.91e-02 -1.64e-02 -3.92e+01  3.97e-01  5.62e+00 -6.06e+01  2.29e+01  6.75e+01  1.08e+02
  -1.63e+01 -4.04e+00 -1.31e+00 -4.17e+00  3.10e+00  1.37e-03 -4.95e-03  1.12e-02 -9.04e+00 -7.11e-04  2.56e-03]
 [ 1.87e-06 -1.42e-03  5.54e-01  4.44e-11 -7.77e-03  1.03e-02  2.67e-03  5.15e+00 -5.25e-02 -1.13e+00  1.80e+01 -9.68e+00 -1.49e+01 -1.63e+01
   9.87e+00  1.57e+00 -2.23e-01 -3.06e+00 -2.67e+00  1.97e-04  9.42e-04  2.04e-03  9.79e-01  1.84e-06 -2.75e-03]
 [ 2.11e-04 -8.09e-04  4.76e-01  2.41e-11  2.57e-03  8.60e-03  1.76e-03 -4.83e-01 -1.26e-01 -6.32e-02 -1.46e+01 -8.32e+00 -7.95e+00 -4.04e+00
   1.57e+00  3.16e+00 -2.42e-02 -1.68e+00 -9.95e-01  1.30e-04  2.09e-05 -1.44e-03  7.53e-01  9.04e-05 -9.05e-04]
 [-3.21e-05  1.08e-05 -5.53e-02 -6.34e-12 -2.20e-03 -2.12e-03  6.88e-04  2.56e+00  5.34e-02 -1.34e-01  1.70e+00  2.86e+00  2.69e+00 -1.31e+00
  -2.23e-01 -2.42e-02  2.12e+00  1.57e+00 -2.49e-01 -3.98e-04  1.91e-04  5.40e-04 -1.90e-01 -1.35e-05 -2.75e-03]
 [-1.38e-04 -1.01e-03  3.69e-01  3.86e-11  5.56e-03  1.01e-02  4.16e-04 -9.69e-01  4.86e-01  1.01e+00 -3.64e-01  1.50e+01  1.32e+01 -4.17e+00
  -3.06e+00 -1.68e+00  1.57e+00  1.79e+01  2.59e+01 -1.35e-04  2.65e-03 -4.43e-04  8.27e-01 -5.91e-05  5.13e-03]
 [-9.58e-05 -2.48e-03  1.11e+00  1.05e-10  1.89e-02  2.95e-02  2.52e-04 -1.66e+01  4.43e-01  3.49e-01 -3.91e+00  6.71e+00  5.51e+00  3.10e+00
  -2.67e+00 -9.95e-01 -2.49e-01  2.59e+01  5.69e+01  8.60e-04  5.77e-03 -2.30e-03  2.47e+00 -4.19e-05  1.64e-02]
