 BFLike Ntemp  =        2876
 BFLike Nq     =        1407
 BFLike Nu     =        1407
 BFLike Nside  =          16
 BFLike Nwrite =    32393560
 BFLike Ntemp  =        2876
 BFLike Nq     =        1407
 BFLike Nu     =        1407
 BFLike Nside  =          16
 BFLike Nwrite =    32393560
 BFLike Ntemp  =        2876
 BFLike Nq     =        1407
 BFLike Nu     =        1407
 BFLike Nside  =          16
 BFLike Nwrite =    32393560
 BFLike Ntemp  =        2876
 BFLike Nq     =        1407
 BFLike Nu     =        1407
 BFLike Nside  =          16
 BFLike Nwrite =    32393560
 BFLike Ntemp  =        2876
 BFLike Nq     =        1407
 BFLike Nu     =        1407
 BFLike Nside  =          16
 BFLike Nwrite =    32393560
 BFLike Ntemp  =        2876
 BFLike Nq     =        1407
 BFLike Nu     =        1407
 BFLike Nside  =          16
 BFLike Nwrite =    32393560
 cls file appears to have 5+ columns
 assuming it is a CAMB file with l, TT, EE, BB, TE
 cls file appears to have 5+ columns
 assuming it is a CAMB file with l, TT, EE, BB, TE
 cls file appears to have 5+ columns
 assuming it is a CAMB file with l, TT, EE, BB, TE
 cls file appears to have 5+ columns
 assuming it is a CAMB file with l, TT, EE, BB, TE
 cls file appears to have 5+ columns
 assuming it is a CAMB file with l, TT, EE, BB, TE
 cls file appears to have 5+ columns
 assuming it is a CAMB file with l, TT, EE, BB, TE
 info =            0
 info =            0
 info =            0
 info =            0
 info =            0
 info =            0
 /!\ Appending to an existing folder: using the log.param instead of
     input/test_noslip_varycm.param
Running Monte Python v3.0.1

with CLASS v2.4.5

Testing likelihoods for:
 -> Planck_highl, Planck_lowl, Planck_lensing

 /!\ PyFITS is deprecated, please use astropy.io.fits
----
clik version 6dc2a8cf3965
  smica
Checking likelihood '/scratch1/scratchdirs/micbru/NoSlip/planck/plc-2.0/../plc_2.0/hi_l/plik/plik_dx11dr2_HM_v18_TT.clik' on test data. got -380.979 expected -380.979 (diff -8.68454e-09)
----
----
clik version 6dc2a8cf3965
  bflike_smw
Checking likelihood '/scratch1/scratchdirs/micbru/NoSlip/planck/plc-2.0/../plc_2.0/low_l/bflike/lowl_SMW_70_dx11d_2014_10_03_v5c_Ap.clik' on test data. got -5247.87 expected -5247.87 (diff 2.61964e-07)
----
Checking lensing likelihood '/scratch1/scratchdirs/micbru/NoSlip/planck/plc-2.0/../plc_2.0/lensing/smica_g30_ftl_full_pp.clik_lensing' on test data. got -5.91088 expected -5.91088 (diff 9.56746e-11)
Creating chains/test_noslip_varycm/2018-09-28_5000__3.txt


Input covariance matrix:
['omega_b', 'omega_cdm', '100*theta_s', 'ln10^{10}A_s', 'n_s', 'tau_reio', 'A_cib_217', 'xi_sz_cib', 'A_sz', 'ps_A_100_100', 'ps_A_143_143', 'ps_A_143_217', 'ps_A_217_217', 'ksz_norm', 'gal545_A_100', 'gal545_A_143', 'gal545_A_143_217', 'gal545_A_217', 'calib_100T', 'calib_217T', 'A_planck', 'z_reio', 'Omega_Lambda', 'YHe', 'H0', 'A_s', 'sigma8']
[[ 5.02e-08 -2.31e-07  2.93e-08  2.78e-06  7.03e-07  1.61e-06 -2.08e-04  5.13e-06  3.81e-05 -9.33e-04 -5.54e-04 -1.96e-04 -6.03e-05 -4.16e-05
   9.51e-06 -3.96e-06 -2.93e-05  1.96e-05 -1.42e-09 -1.81e-08  9.63e-09  1.33e-04  1.65e-06  2.15e-08  1.38e-04  6.02e-15  3.77e-07]
 [-2.31e-07  3.57e-06 -2.43e-07 -3.29e-05 -8.68e-06 -2.03e-05  9.23e-04 -3.01e-05 -8.32e-05  3.37e-03  2.34e-03  9.88e-04  3.74e-04  1.68e-04
   1.94e-05  8.61e-05  2.38e-04 -5.97e-05 -1.53e-08  6.25e-08 -3.40e-07 -1.78e-03 -2.15e-05 -9.90e-08 -1.57e-03 -7.12e-14 -3.08e-06]
 [ 2.93e-08 -2.43e-07  1.81e-07  4.26e-06  8.38e-07  2.33e-06 -6.45e-05  3.64e-06  1.56e-05 -4.69e-04 -1.60e-04 -7.82e-06 -4.14e-05 -1.43e-05
   3.60e-06 -1.16e-05  9.69e-06  5.51e-05  2.59e-09  3.02e-09  5.50e-09  2.07e-04  2.05e-06  1.25e-08  1.74e-04  9.23e-15  1.21e-06]
 [ 2.78e-06 -3.29e-05  4.26e-06  7.27e-04  9.43e-05  3.95e-04 -1.38e-02  4.07e-04  4.61e-04 -3.66e-02 -2.95e-02 -1.09e-02  5.34e-04 -4.52e-03
  -2.43e-04 -1.14e-03 -5.01e-03 -9.94e-04 -1.31e-07 -1.38e-06  6.79e-06  3.58e-02  2.08e-04  1.19e-06  1.58e-02  1.57e-12  2.05e-04]
 [ 7.03e-07 -8.68e-06  8.38e-07  9.43e-05  3.28e-05  5.74e-05 -6.52e-03  2.30e-04 -6.99e-06 -2.26e-02 -7.18e-03  1.74e-03  5.27e-03 -3.32e-03
   3.22e-04 -2.67e-04 -1.95e-03 -3.22e-04 -2.53e-07 -5.10e-07  7.22e-07  5.03e-03  5.39e-05  3.01e-07  4.04e-03  2.04e-13  1.66e-05]
 [ 1.61e-06 -2.03e-05  2.33e-06  3.95e-04  5.74e-05  2.24e-04 -8.26e-03  1.92e-04  6.50e-04 -2.79e-02 -1.97e-02 -8.72e-03 -2.80e-03 -1.88e-03
  -3.99e-06 -3.89e-04 -2.45e-03 -1.06e-03 -1.49e-07 -7.96e-07 -2.15e-06  2.03e-02  1.27e-04  6.87e-07  9.53e-03  8.55e-13  1.05e-04]
 [-2.08e-04  9.23e-04 -6.45e-05 -1.38e-02 -6.52e-03 -8.26e-03  4.50e+01 -6.25e-01 -1.73e+00  4.90e+01  1.11e+00 -2.39e+01 -6.05e+01 -1.48e+00
  -2.19e-01 -1.55e-01 -1.96e+00 -1.80e+01 -3.39e-04  4.61e-03  8.96e-04 -7.04e-01 -6.46e-03 -8.90e-05 -5.42e-01 -2.99e-11 -3.66e-03]
 [ 5.13e-06 -3.01e-05  3.64e-06  4.07e-04  2.30e-04  1.92e-04 -6.25e-01  7.92e-02 -8.28e-02 -6.06e-01  1.21e+00  2.24e+00  1.01e+00  4.22e-02
  -1.09e-02  8.59e-03  1.10e-01  1.36e-01  8.63e-06 -2.56e-05  1.11e-05  1.62e-02  2.05e-04  2.19e-06  1.67e-02  8.79e-13  1.16e-04]
 [ 3.81e-05 -8.32e-05  1.56e-05  4.61e-04 -6.99e-06  6.50e-04 -1.73e+00 -8.28e-02  4.13e+00 -3.76e+01 -1.03e+01  2.04e+00  2.15e+00  1.63e-02
  -1.03e-01  5.28e-03  2.25e+00  2.00e+00  1.57e-04 -4.26e-04 -6.39e-05  4.96e-02  7.34e-04  1.63e-05  6.95e-02  9.97e-13 -2.40e-04]
 [-9.33e-04  3.37e-03 -4.69e-04 -3.66e-02 -2.26e-02 -2.79e-02  4.90e+01 -6.06e-01 -3.76e+01  9.11e+02  1.37e+02 -2.10e+01 -3.45e+01 -1.19e+01
 /!\ Appending to an existing folder: using the log.param instead of
     input/test_noslip_varycm.param
Running Monte Python v3.0.1

with CLASS v2.4.5

Testing likelihoods for:
 -> Planck_highl, Planck_lowl, Planck_lensing

 /!\ PyFITS is deprecated, please use astropy.io.fits
----
clik version 6dc2a8cf3965
  smica
Checking likelihood '/scratch1/scratchdirs/micbru/NoSlip/planck/plc-2.0/../plc_2.0/hi_l/plik/plik_dx11dr2_HM_v18_TT.clik' on test data. got -380.979 expected -380.979 (diff -8.68454e-09)
----
----
clik version 6dc2a8cf3965
  bflike_smw
Checking likelihood '/scratch1/scratchdirs/micbru/NoSlip/planck/plc-2.0/../plc_2.0/low_l/bflike/lowl_SMW_70_dx11d_2014_10_03_v5c_Ap.clik' on test data. got -5247.87 expected -5247.87 (diff 2.61964e-07)
----
Checking lensing likelihood '/scratch1/scratchdirs/micbru/NoSlip/planck/plc-2.0/../plc_2.0/lensing/smica_g30_ftl_full_pp.clik_lensing' on test data. got -5.91088 expected -5.91088 (diff 9.56746e-11)
Creating chains/test_noslip_varycm/2018-09-28_5000__4.txt


Input covariance matrix:
['omega_b', 'omega_cdm', '100*theta_s', 'ln10^{10}A_s', 'n_s', 'tau_reio', 'A_cib_217', 'xi_sz_cib', 'A_sz', 'ps_A_100_100', 'ps_A_143_143', 'ps_A_143_217', 'ps_A_217_217', 'ksz_norm', 'gal545_A_100', 'gal545_A_143', 'gal545_A_143_217', 'gal545_A_217', 'calib_100T', 'calib_217T', 'A_planck', 'z_reio', 'Omega_Lambda', 'YHe', 'H0', 'A_s', 'sigma8']
[[ 5.02e-08 -2.31e-07  2.93e-08  2.78e-06  7.03e-07  1.61e-06 -2.08e-04  5.13e-06  3.81e-05 -9.33e-04 -5.54e-04 -1.96e-04 -6.03e-05 -4.16e-05
   9.51e-06 -3.96e-06 -2.93e-05  1.96e-05 -1.42e-09 -1.81e-08  9.63e-09  1.33e-04  1.65e-06  2.15e-08  1.38e-04  6.02e-15  3.77e-07]
 [-2.31e-07  3.57e-06 -2.43e-07 -3.29e-05 -8.68e-06 -2.03e-05  9.23e-04 -3.01e-05 -8.32e-05  3.37e-03  2.34e-03  9.88e-04  3.74e-04  1.68e-04
   1.94e-05  8.61e-05  2.38e-04 -5.97e-05 -1.53e-08  6.25e-08 -3.40e-07 -1.78e-03 -2.15e-05 -9.90e-08 -1.57e-03 -7.12e-14 -3.08e-06]
 [ 2.93e-08 -2.43e-07  1.81e-07  4.26e-06  8.38e-07  2.33e-06 -6.45e-05  3.64e-06  1.56e-05 -4.69e-04 -1.60e-04 -7.82e-06 -4.14e-05 -1.43e-05
   3.60e-06 -1.16e-05  9.69e-06  5.51e-05  2.59e-09  3.02e-09  5.50e-09  2.07e-04  2.05e-06  1.25e-08  1.74e-04  9.23e-15  1.21e-06]
 [ 2.78e-06 -3.29e-05  4.26e-06  7.27e-04  9.43e-05  3.95e-04 -1.38e-02  4.07e-04  4.61e-04 -3.66e-02 -2.95e-02 -1.09e-02  5.34e-04 -4.52e-03
  -2.43e-04 -1.14e-03 -5.01e-03 -9.94e-04 -1.31e-07 -1.38e-06  6.79e-06  3.58e-02  2.08e-04  1.19e-06  1.58e-02  1.57e-12  2.05e-04]
 [ 7.03e-07 -8.68e-06  8.38e-07  9.43e-05  3.28e-05  5.74e-05 -6.52e-03  2.30e-04 -6.99e-06 -2.26e-02 -7.18e-03  1.74e-03  5.27e-03 -3.32e-03
   3.22e-04 -2.67e-04 -1.95e-03 -3.22e-04 -2.53e-07 -5.10e-07  7.22e-07  5.03e-03  5.39e-05  3.01e-07  4.04e-03  2.04e-13  1.66e-05]
 [ 1.61e-06 -2.03e-05  2.33e-06  3.95e-04  5.74e-05  2.24e-04 -8.26e-03  1.92e-04  6.50e-04 -2.79e-02 -1.97e-02 -8.72e-03 -2.80e-03 -1.88e-03
  -3.99e-06 -3.89e-04 -2.45e-03 -1.06e-03 -1.49e-07 -7.96e-07 -2.15e-06  2.03e-02  1.27e-04  6.87e-07  9.53e-03  8.55e-13  1.05e-04]
 [-2.08e-04  9.23e-04 -6.45e-05 -1.38e-02 -6.52e-03 -8.26e-03  4.50e+01 -6.25e-01 -1.73e+00  4.90e+01  1.11e+00 -2.39e+01 -6.05e+01 -1.48e+00
  -2.19e-01 -1.55e-01 -1.96e+00 -1.80e+01 -3.39e-04  4.61e-03  8.96e-04 -7.04e-01 -6.46e-03 -8.90e-05 -5.42e-01 -2.99e-11 -3.66e-03]
 [ 5.13e-06 -3.01e-05  3.64e-06  4.07e-04  2.30e-04  1.92e-04 -6.25e-01  7.92e-02 -8.28e-02 -6.06e-01  1.21e+00  2.24e+00  1.01e+00  4.22e-02
  -1.09e-02  8.59e-03  1.10e-01  1.36e-01  8.63e-06 -2.56e-05  1.11e-05  1.62e-02  2.05e-04  2.19e-06  1.67e-02  8.79e-13  1.16e-04]
 [ 3.81e-05 -8.32e-05  1.56e-05  4.61e-04 -6.99e-06  6.50e-04 -1.73e+00 -8.28e-02  4.13e+00 -3.76e+01 -1.03e+01  2.04e+00  2.15e+00  1.63e-02
  -1.03e-01  5.28e-03  2.25e+00  2.00e+00  1.57e-04 -4.26e-04 -6.39e-05  4.96e-02  7.34e-04  1.63e-05  6.95e-02  9.97e-13 -2.40e-04]
 [-9.33e-04  3.37e-03 -4.69e-04 -3.66e-02 -2.26e-02 -2.79e-02  4.90e+01 -6.06e-01 -3.76e+01  9.11e+02  1.37e+02 -2.10e+01 -3.45e+01 -1.19e+01
 /!\ Appending to an existing folder: using the log.param instead of
     input/test_noslip_varycm.param
Running Monte Python v3.0.1

with CLASS v2.4.5

Testing likelihoods for:
 -> Planck_highl, Planck_lowl, Planck_lensing

 /!\ PyFITS is deprecated, please use astropy.io.fits
----
clik version 6dc2a8cf3965
  smica
Checking likelihood '/scratch1/scratchdirs/micbru/NoSlip/planck/plc-2.0/../plc_2.0/hi_l/plik/plik_dx11dr2_HM_v18_TT.clik' on test data. got -380.979 expected -380.979 (diff -8.68454e-09)
----
----
clik version 6dc2a8cf3965
  bflike_smw
Checking likelihood '/scratch1/scratchdirs/micbru/NoSlip/planck/plc-2.0/../plc_2.0/low_l/bflike/lowl_SMW_70_dx11d_2014_10_03_v5c_Ap.clik' on test data. got -5247.87 expected -5247.87 (diff 2.61964e-07)
----
Checking lensing likelihood '/scratch1/scratchdirs/micbru/NoSlip/planck/plc-2.0/../plc_2.0/lensing/smica_g30_ftl_full_pp.clik_lensing' on test data. got -5.91088 expected -5.91088 (diff 9.56746e-11)
Creating chains/test_noslip_varycm/2018-09-28_5000__1.txt


Input covariance matrix:
['omega_b', 'omega_cdm', '100*theta_s', 'ln10^{10}A_s', 'n_s', 'tau_reio', 'A_cib_217', 'xi_sz_cib', 'A_sz', 'ps_A_100_100', 'ps_A_143_143', 'ps_A_143_217', 'ps_A_217_217', 'ksz_norm', 'gal545_A_100', 'gal545_A_143', 'gal545_A_143_217', 'gal545_A_217', 'calib_100T', 'calib_217T', 'A_planck', 'z_reio', 'Omega_Lambda', 'YHe', 'H0', 'A_s', 'sigma8']
[[ 5.02e-08 -2.31e-07  2.93e-08  2.78e-06  7.03e-07  1.61e-06 -2.08e-04  5.13e-06  3.81e-05 -9.33e-04 -5.54e-04 -1.96e-04 -6.03e-05 -4.16e-05
   9.51e-06 -3.96e-06 -2.93e-05  1.96e-05 -1.42e-09 -1.81e-08  9.63e-09  1.33e-04  1.65e-06  2.15e-08  1.38e-04  6.02e-15  3.77e-07]
 [-2.31e-07  3.57e-06 -2.43e-07 -3.29e-05 -8.68e-06 -2.03e-05  9.23e-04 -3.01e-05 -8.32e-05  3.37e-03  2.34e-03  9.88e-04  3.74e-04  1.68e-04
   1.94e-05  8.61e-05  2.38e-04 -5.97e-05 -1.53e-08  6.25e-08 -3.40e-07 -1.78e-03 -2.15e-05 -9.90e-08 -1.57e-03 -7.12e-14 -3.08e-06]
 [ 2.93e-08 -2.43e-07  1.81e-07  4.26e-06  8.38e-07  2.33e-06 -6.45e-05  3.64e-06  1.56e-05 -4.69e-04 -1.60e-04 -7.82e-06 -4.14e-05 -1.43e-05
   3.60e-06 -1.16e-05  9.69e-06  5.51e-05  2.59e-09  3.02e-09  5.50e-09  2.07e-04  2.05e-06  1.25e-08  1.74e-04  9.23e-15  1.21e-06]
 [ 2.78e-06 -3.29e-05  4.26e-06  7.27e-04  9.43e-05  3.95e-04 -1.38e-02  4.07e-04  4.61e-04 -3.66e-02 -2.95e-02 -1.09e-02  5.34e-04 -4.52e-03
  -2.43e-04 -1.14e-03 -5.01e-03 -9.94e-04 -1.31e-07 -1.38e-06  6.79e-06  3.58e-02  2.08e-04  1.19e-06  1.58e-02  1.57e-12  2.05e-04]
 [ 7.03e-07 -8.68e-06  8.38e-07  9.43e-05  3.28e-05  5.74e-05 -6.52e-03  2.30e-04 -6.99e-06 -2.26e-02 -7.18e-03  1.74e-03  5.27e-03 -3.32e-03
   3.22e-04 -2.67e-04 -1.95e-03 -3.22e-04 -2.53e-07 -5.10e-07  7.22e-07  5.03e-03  5.39e-05  3.01e-07  4.04e-03  2.04e-13  1.66e-05]
 [ 1.61e-06 -2.03e-05  2.33e-06  3.95e-04  5.74e-05  2.24e-04 -8.26e-03  1.92e-04  6.50e-04 -2.79e-02 -1.97e-02 -8.72e-03 -2.80e-03 -1.88e-03
  -3.99e-06 -3.89e-04 -2.45e-03 -1.06e-03 -1.49e-07 -7.96e-07 -2.15e-06  2.03e-02  1.27e-04  6.87e-07  9.53e-03  8.55e-13  1.05e-04]
 [-2.08e-04  9.23e-04 -6.45e-05 -1.38e-02 -6.52e-03 -8.26e-03  4.50e+01 -6.25e-01 -1.73e+00  4.90e+01  1.11e+00 -2.39e+01 -6.05e+01 -1.48e+00
  -2.19e-01 -1.55e-01 -1.96e+00 -1.80e+01 -3.39e-04  4.61e-03  8.96e-04 -7.04e-01 -6.46e-03 -8.90e-05 -5.42e-01 -2.99e-11 -3.66e-03]
 [ 5.13e-06 -3.01e-05  3.64e-06  4.07e-04  2.30e-04  1.92e-04 -6.25e-01  7.92e-02 -8.28e-02 -6.06e-01  1.21e+00  2.24e+00  1.01e+00  4.22e-02
  -1.09e-02  8.59e-03  1.10e-01  1.36e-01  8.63e-06 -2.56e-05  1.11e-05  1.62e-02  2.05e-04  2.19e-06  1.67e-02  8.79e-13  1.16e-04]
 [ 3.81e-05 -8.32e-05  1.56e-05  4.61e-04 -6.99e-06  6.50e-04 -1.73e+00 -8.28e-02  4.13e+00 -3.76e+01 -1.03e+01  2.04e+00  2.15e+00  1.63e-02
  -1.03e-01  5.28e-03  2.25e+00  2.00e+00  1.57e-04 -4.26e-04 -6.39e-05  4.96e-02  7.34e-04  1.63e-05  6.95e-02  9.97e-13 -2.40e-04]
 [-9.33e-04  3.37e-03 -4.69e-04 -3.66e-02 -2.26e-02 -2.79e-02  4.90e+01 -6.06e-01 -3.76e+01  9.11e+02  1.37e+02 -2.10e+01 -3.45e+01 -1.19e+01
 /!\ Appending to an existing folder: using the log.param instead of
     input/test_noslip_varycm.param
Running Monte Python v3.0.1

with CLASS v2.4.5

Testing likelihoods for:
 -> Planck_highl, Planck_lowl, Planck_lensing

 /!\ PyFITS is deprecated, please use astropy.io.fits
----
clik version 6dc2a8cf3965
  smica
Checking likelihood '/scratch1/scratchdirs/micbru/NoSlip/planck/plc-2.0/../plc_2.0/hi_l/plik/plik_dx11dr2_HM_v18_TT.clik' on test data. got -380.979 expected -380.979 (diff -8.68454e-09)
----
----
clik version 6dc2a8cf3965
  bflike_smw
Checking likelihood '/scratch1/scratchdirs/micbru/NoSlip/planck/plc-2.0/../plc_2.0/low_l/bflike/lowl_SMW_70_dx11d_2014_10_03_v5c_Ap.clik' on test data. got -5247.87 expected -5247.87 (diff 2.61964e-07)
----
Checking lensing likelihood '/scratch1/scratchdirs/micbru/NoSlip/planck/plc-2.0/../plc_2.0/lensing/smica_g30_ftl_full_pp.clik_lensing' on test data. got -5.91088 expected -5.91088 (diff 9.56746e-11)
Creating chains/test_noslip_varycm/2018-09-28_5000__2.txt


Input covariance matrix:
['omega_b', 'omega_cdm', '100*theta_s', 'ln10^{10}A_s', 'n_s', 'tau_reio', 'A_cib_217', 'xi_sz_cib', 'A_sz', 'ps_A_100_100', 'ps_A_143_143', 'ps_A_143_217', 'ps_A_217_217', 'ksz_norm', 'gal545_A_100', 'gal545_A_143', 'gal545_A_143_217', 'gal545_A_217', 'calib_100T', 'calib_217T', 'A_planck', 'z_reio', 'Omega_Lambda', 'YHe', 'H0', 'A_s', 'sigma8']
[[ 5.02e-08 -2.31e-07  2.93e-08  2.78e-06  7.03e-07  1.61e-06 -2.08e-04  5.13e-06  3.81e-05 -9.33e-04 -5.54e-04 -1.96e-04 -6.03e-05 -4.16e-05
   9.51e-06 -3.96e-06 -2.93e-05  1.96e-05 -1.42e-09 -1.81e-08  9.63e-09  1.33e-04  1.65e-06  2.15e-08  1.38e-04  6.02e-15  3.77e-07]
 [-2.31e-07  3.57e-06 -2.43e-07 -3.29e-05 -8.68e-06 -2.03e-05  9.23e-04 -3.01e-05 -8.32e-05  3.37e-03  2.34e-03  9.88e-04  3.74e-04  1.68e-04
   1.94e-05  8.61e-05  2.38e-04 -5.97e-05 -1.53e-08  6.25e-08 -3.40e-07 -1.78e-03 -2.15e-05 -9.90e-08 -1.57e-03 -7.12e-14 -3.08e-06]
 [ 2.93e-08 -2.43e-07  1.81e-07  4.26e-06  8.38e-07  2.33e-06 -6.45e-05  3.64e-06  1.56e-05 -4.69e-04 -1.60e-04 -7.82e-06 -4.14e-05 -1.43e-05
   3.60e-06 -1.16e-05  9.69e-06  5.51e-05  2.59e-09  3.02e-09  5.50e-09  2.07e-04  2.05e-06  1.25e-08  1.74e-04  9.23e-15  1.21e-06]
 [ 2.78e-06 -3.29e-05  4.26e-06  7.27e-04  9.43e-05  3.95e-04 -1.38e-02  4.07e-04  4.61e-04 -3.66e-02 -2.95e-02 -1.09e-02  5.34e-04 -4.52e-03
  -2.43e-04 -1.14e-03 -5.01e-03 -9.94e-04 -1.31e-07 -1.38e-06  6.79e-06  3.58e-02  2.08e-04  1.19e-06  1.58e-02  1.57e-12  2.05e-04]
 [ 7.03e-07 -8.68e-06  8.38e-07  9.43e-05  3.28e-05  5.74e-05 -6.52e-03  2.30e-04 -6.99e-06 -2.26e-02 -7.18e-03  1.74e-03  5.27e-03 -3.32e-03
   3.22e-04 -2.67e-04 -1.95e-03 -3.22e-04 -2.53e-07 -5.10e-07  7.22e-07  5.03e-03  5.39e-05  3.01e-07  4.04e-03  2.04e-13  1.66e-05]
 [ 1.61e-06 -2.03e-05  2.33e-06  3.95e-04  5.74e-05  2.24e-04 -8.26e-03  1.92e-04  6.50e-04 -2.79e-02 -1.97e-02 -8.72e-03 -2.80e-03 -1.88e-03
  -3.99e-06 -3.89e-04 -2.45e-03 -1.06e-03 -1.49e-07 -7.96e-07 -2.15e-06  2.03e-02  1.27e-04  6.87e-07  9.53e-03  8.55e-13  1.05e-04]
 [-2.08e-04  9.23e-04 -6.45e-05 -1.38e-02 -6.52e-03 -8.26e-03  4.50e+01 -6.25e-01 -1.73e+00  4.90e+01  1.11e+00 -2.39e+01 -6.05e+01 -1.48e+00
  -2.19e-01 -1.55e-01 -1.96e+00 -1.80e+01 -3.39e-04  4.61e-03  8.96e-04 -7.04e-01 -6.46e-03 -8.90e-05 -5.42e-01 -2.99e-11 -3.66e-03]
 [ 5.13e-06 -3.01e-05  3.64e-06  4.07e-04  2.30e-04  1.92e-04 -6.25e-01  7.92e-02 -8.28e-02 -6.06e-01  1.21e+00  2.24e+00  1.01e+00  4.22e-02
  -1.09e-02  8.59e-03  1.10e-01  1.36e-01  8.63e-06 -2.56e-05  1.11e-05  1.62e-02  2.05e-04  2.19e-06  1.67e-02  8.79e-13  1.16e-04]
 [ 3.81e-05 -8.32e-05  1.56e-05  4.61e-04 -6.99e-06  6.50e-04 -1.73e+00 -8.28e-02  4.13e+00 -3.76e+01 -1.03e+01  2.04e+00  2.15e+00  1.63e-02
  -1.03e-01  5.28e-03  2.25e+00  2.00e+00  1.57e-04 -4.26e-04 -6.39e-05  4.96e-02  7.34e-04  1.63e-05  6.95e-02  9.97e-13 -2.40e-04]
 [-9.33e-04  3.37e-03 -4.69e-04 -3.66e-02 -2.26e-02 -2.79e-02  4.90e+01 -6.06e-01 -3.76e+01  9.11e+02  1.37e+02 -2.10e+01 -3.45e+01 -1.19e+01
  -4.20e+00  3.08e+00 -1.45e+01 -1.88e+01  6.31e-03  5.50e-03  3.90e-03 -2.31e+00 -2.54e-02 -3.99e-04 -2.21e+00 -7.92e-11 -6.91e-03]
 [-5.54e-04  2.34e-03 -1.60e-04 -2.95e-02 -7.18e-03 -1.97e-02  1.11e+00  1.21e+00 -1.03e+01  1.37e+02  9.68e+01  6.41e+01  3.30e+01 -1.24e+01
  -5.57e-01 -1.29e+00  1.35e+00  1.96e+00 -5.41e-05  8.18e-04  5.94e-04 -1.65e+00 -1.65e-02 -2.37e-04 -1.39e+00 -6.38e-11 -4.06e-03]
 [-1.96e-04  9.88e-04 -7.82e-06 -1.09e-02  1.74e-03 -8.72e-03 -2.39e+01  2.24e+00  2.04e+00 -2.10e+01  6.41e+01  1.09e+02  7.11e+01 -1.07e+01
  -7.47e-01 -4.86e-01  2.38e+00  3.89e+00  4.94e-04 -2.32e-03  4.02e-04 -7.40e-01 -6.58e-03 -8.41e-05 -5.35e-01 -2.37e-11  2.79e-04]
 [-6.03e-05  3.74e-04 -4.14e-05  5.34e-04  5.27e-03 -2.80e-03 -6.05e+01  1.01e+00  2.15e+00 -3.45e+01  3.30e+01  7.11e+01  1.21e+02 -9.43e+00
  -1.87e-02 -2.82e-01 -2.82e+00  1.27e+01  5.30e-04 -7.45e-03  7.88e-04 -2.40e-01 -2.54e-03 -2.59e-05 -2.02e-01  1.13e-12  3.33e-03]
 [-4.16e-05  1.68e-04 -1.43e-05 -4.52e-03 -3.32e-03 -1.88e-03 -1.48e+00  4.22e-02  1.63e-02 -1.19e+01 -1.24e+01 -1.07e+01 -9.43e+00  7.21e+00
   4.51e-02  3.94e-02 -2.99e-01 -7.65e-02  5.34e-05 -1.48e-04  1.27e-04 -1.64e-01 -1.21e-03 -1.78e-05 -1.03e-01 -9.80e-12 -2.15e-03]
 [ 9.51e-06  1.94e-05  3.60e-06 -2.43e-04  3.22e-04 -3.99e-06 -2.19e-01 -1.09e-02 -1.03e-01 -4.20e+00 -5.57e-01 -7.47e-01 -1.87e-02  4.51e-02
   3.48e+00  4.24e-01  1.70e-01  2.89e-01  2.92e-04 -3.10e-05 -2.34e-05 -1.96e-03 -3.77e-05  4.08e-06  2.94e-03 -5.40e-13  2.69e-05]
 [-3.96e-06  8.61e-05 -1.16e-05 -1.14e-03 -2.67e-04 -3.89e-04 -1.55e-01  8.59e-03  5.28e-03  3.08e+00 -1.29e+00 -4.86e-01 -2.82e-01  3.94e-02
   4.24e-01  3.28e+00  2.46e+00  1.82e+00 -2.84e-04 -2.18e-04 -4.00e-06 -3.47e-02 -5.33e-04 -1.70e-06 -3.81e-02 -2.47e-12 -2.57e-04]
 [-2.93e-05  2.38e-04  9.69e-06 -5.01e-03 -1.95e-03 -2.45e-03 -1.96e+00  1.10e-01  2.25e+00 -1.45e+01  1.35e+00  2.38e+00 -2.82e+00 -2.99e-01
   1.70e-01  2.46e+00  1.68e+01  2.51e+01 -2.42e-05  2.50e-03 -4.73e-05 -2.15e-01 -1.43e-03 -1.26e-05 -1.09e-01 -1.09e-11 -1.71e-03]
 [ 1.96e-05 -5.97e-05  5.51e-05 -9.94e-04 -3.22e-04 -1.06e-03 -1.80e+01  1.36e-01  2.00e+00 -1.88e+01  1.96e+00  3.89e+00  1.27e+01 -7.65e-02
   2.89e-01  1.82e+00  2.51e+01  5.32e+01  6.67e-05  4.47e-03  6.79e-04 -1.00e-01  6.09e-04  8.36e-06  5.81e-02 -2.31e-12 -7.63e-04]
 [-1.42e-09 -1.53e-08  2.59e-09 -1.31e-07 -2.53e-07 -1.49e-07 -3.39e-04  8.63e-06  1.57e-04  6.31e-03 -5.41e-05  4.94e-04  5.30e-04  5.34e-05
   2.92e-04 -2.84e-04 -2.42e-05  6.67e-05  5.94e-07 -1.78e-08 -2.24e-08 -1.34e-05  8.27e-08 -6.10e-10  5.01e-06 -2.91e-16 -1.75e-07]
 [-1.81e-08  6.25e-08  3.02e-09 -1.38e-06 -5.10e-07 -7.96e-07  4.61e-03 -2.56e-05 -4.26e-04  5.50e-03  8.18e-04 -2.32e-03 -7.45e-03 -1.48e-04
  -3.10e-05 -2.18e-04  2.50e-03  4.47e-03 -1.78e-08  2.12e-06  1.79e-08 -6.74e-05 -4.39e-07 -7.74e-09 -3.79e-05 -3.00e-15 -4.27e-07]
 [ 9.63e-09 -3.40e-07  5.50e-09  6.79e-06  7.22e-07 -2.15e-06  8.96e-04  1.11e-05 -6.39e-05  3.90e-03  5.94e-04  4.02e-04  7.88e-04  1.27e-04
  -2.34e-05 -4.00e-06 -4.73e-05  6.79e-04 -2.24e-08  1.79e-08  5.95e-06 -2.14e-04  1.91e-06  4.11e-09  1.33e-04  1.46e-14  1.79e-06]
 [ 1.33e-04 -1.78e-03  2.07e-04  3.58e-02  5.03e-03  2.03e-02 -7.04e-01  1.62e-02  4.96e-02 -2.31e+00 -1.65e+00 -7.40e-01 -2.40e-01 -1.64e-01
  -1.96e-03 -3.47e-02 -2.15e-01 -1.00e-01 -1.34e-05 -6.74e-05 -2.14e-04  1.84e+00  1.11e-02  5.71e-05  8.28e-01  7.73e-11  9.68e-03]
 [ 1.65e-06 -2.15e-05  2.05e-06  2.08e-04  5.39e-05  1.27e-04 -6.46e-03  2.05e-04  7.34e-04 -2.54e-02 -1.65e-02 -6.58e-03 -2.54e-03 -1.21e-03
  -3.77e-05 -5.33e-04 -1.43e-03  6.09e-04  8.27e-08 -4.39e-07  1.91e-06  1.11e-02  1.33e-04  7.06e-07  9.91e-03  4.50e-13  2.26e-05]
 [ 2.15e-08 -9.90e-08  1.25e-08  1.19e-06  3.01e-07  6.87e-07 -8.90e-05  2.19e-06  1.63e-05 -3.99e-04 -2.37e-04 -8.41e-05 -2.59e-05 -1.78e-05
   4.08e-06 -1.70e-06 -1.26e-05  8.36e-06 -6.10e-10 -7.74e-09  4.11e-09  5.71e-05  7.06e-07  9.20e-09  5.92e-05  2.58e-15  1.61e-07]
  -4.20e+00  3.08e+00 -1.45e+01 -1.88e+01  6.31e-03  5.50e-03  3.90e-03 -2.31e+00 -2.54e-02 -3.99e-04 -2.21e+00 -7.92e-11 -6.91e-03]
 [-5.54e-04  2.34e-03 -1.60e-04 -2.95e-02 -7.18e-03 -1.97e-02  1.11e+00  1.21e+00 -1.03e+01  1.37e+02  9.68e+01  6.41e+01  3.30e+01 -1.24e+01
  -5.57e-01 -1.29e+00  1.35e+00  1.96e+00 -5.41e-05  8.18e-04  5.94e-04 -1.65e+00 -1.65e-02 -2.37e-04 -1.39e+00 -6.38e-11 -4.06e-03]
 [-1.96e-04  9.88e-04 -7.82e-06 -1.09e-02  1.74e-03 -8.72e-03 -2.39e+01  2.24e+00  2.04e+00 -2.10e+01  6.41e+01  1.09e+02  7.11e+01 -1.07e+01
  -7.47e-01 -4.86e-01  2.38e+00  3.89e+00  4.94e-04 -2.32e-03  4.02e-04 -7.40e-01 -6.58e-03 -8.41e-05 -5.35e-01 -2.37e-11  2.79e-04]
 [-6.03e-05  3.74e-04 -4.14e-05  5.34e-04  5.27e-03 -2.80e-03 -6.05e+01  1.01e+00  2.15e+00 -3.45e+01  3.30e+01  7.11e+01  1.21e+02 -9.43e+00
  -1.87e-02 -2.82e-01 -2.82e+00  1.27e+01  5.30e-04 -7.45e-03  7.88e-04 -2.40e-01 -2.54e-03 -2.59e-05 -2.02e-01  1.13e-12  3.33e-03]
 [-4.16e-05  1.68e-04 -1.43e-05 -4.52e-03 -3.32e-03 -1.88e-03 -1.48e+00  4.22e-02  1.63e-02 -1.19e+01 -1.24e+01 -1.07e+01 -9.43e+00  7.21e+00
   4.51e-02  3.94e-02 -2.99e-01 -7.65e-02  5.34e-05 -1.48e-04  1.27e-04 -1.64e-01 -1.21e-03 -1.78e-05 -1.03e-01 -9.80e-12 -2.15e-03]
 [ 9.51e-06  1.94e-05  3.60e-06 -2.43e-04  3.22e-04 -3.99e-06 -2.19e-01 -1.09e-02 -1.03e-01 -4.20e+00 -5.57e-01 -7.47e-01 -1.87e-02  4.51e-02
   3.48e+00  4.24e-01  1.70e-01  2.89e-01  2.92e-04 -3.10e-05 -2.34e-05 -1.96e-03 -3.77e-05  4.08e-06  2.94e-03 -5.40e-13  2.69e-05]
 [-3.96e-06  8.61e-05 -1.16e-05 -1.14e-03 -2.67e-04 -3.89e-04 -1.55e-01  8.59e-03  5.28e-03  3.08e+00 -1.29e+00 -4.86e-01 -2.82e-01  3.94e-02
   4.24e-01  3.28e+00  2.46e+00  1.82e+00 -2.84e-04 -2.18e-04 -4.00e-06 -3.47e-02 -5.33e-04 -1.70e-06 -3.81e-02 -2.47e-12 -2.57e-04]
 [-2.93e-05  2.38e-04  9.69e-06 -5.01e-03 -1.95e-03 -2.45e-03 -1.96e+00  1.10e-01  2.25e+00 -1.45e+01  1.35e+00  2.38e+00 -2.82e+00 -2.99e-01
   1.70e-01  2.46e+00  1.68e+01  2.51e+01 -2.42e-05  2.50e-03 -4.73e-05 -2.15e-01 -1.43e-03 -1.26e-05 -1.09e-01 -1.09e-11 -1.71e-03]
 [ 1.96e-05 -5.97e-05  5.51e-05 -9.94e-04 -3.22e-04 -1.06e-03 -1.80e+01  1.36e-01  2.00e+00 -1.88e+01  1.96e+00  3.89e+00  1.27e+01 -7.65e-02
   2.89e-01  1.82e+00  2.51e+01  5.32e+01  6.67e-05  4.47e-03  6.79e-04 -1.00e-01  6.09e-04  8.36e-06  5.81e-02 -2.31e-12 -7.63e-04]
 [-1.42e-09 -1.53e-08  2.59e-09 -1.31e-07 -2.53e-07 -1.49e-07 -3.39e-04  8.63e-06  1.57e-04  6.31e-03 -5.41e-05  4.94e-04  5.30e-04  5.34e-05
   2.92e-04 -2.84e-04 -2.42e-05  6.67e-05  5.94e-07 -1.78e-08 -2.24e-08 -1.34e-05  8.27e-08 -6.10e-10  5.01e-06 -2.91e-16 -1.75e-07]
 [-1.81e-08  6.25e-08  3.02e-09 -1.38e-06 -5.10e-07 -7.96e-07  4.61e-03 -2.56e-05 -4.26e-04  5.50e-03  8.18e-04 -2.32e-03 -7.45e-03 -1.48e-04
  -3.10e-05 -2.18e-04  2.50e-03  4.47e-03 -1.78e-08  2.12e-06  1.79e-08 -6.74e-05 -4.39e-07 -7.74e-09 -3.79e-05 -3.00e-15 -4.27e-07]
 [ 9.63e-09 -3.40e-07  5.50e-09  6.79e-06  7.22e-07 -2.15e-06  8.96e-04  1.11e-05 -6.39e-05  3.90e-03  5.94e-04  4.02e-04  7.88e-04  1.27e-04
  -2.34e-05 -4.00e-06 -4.73e-05  6.79e-04 -2.24e-08  1.79e-08  5.95e-06 -2.14e-04  1.91e-06  4.11e-09  1.33e-04  1.46e-14  1.79e-06]
 [ 1.33e-04 -1.78e-03  2.07e-04  3.58e-02  5.03e-03  2.03e-02 -7.04e-01  1.62e-02  4.96e-02 -2.31e+00 -1.65e+00 -7.40e-01 -2.40e-01 -1.64e-01
  -1.96e-03 -3.47e-02 -2.15e-01 -1.00e-01 -1.34e-05 -6.74e-05 -2.14e-04  1.84e+00  1.11e-02  5.71e-05  8.28e-01  7.73e-11  9.68e-03]
 [ 1.65e-06 -2.15e-05  2.05e-06  2.08e-04  5.39e-05  1.27e-04 -6.46e-03  2.05e-04  7.34e-04 -2.54e-02 -1.65e-02 -6.58e-03 -2.54e-03 -1.21e-03
  -3.77e-05 -5.33e-04 -1.43e-03  6.09e-04  8.27e-08 -4.39e-07  1.91e-06  1.11e-02  1.33e-04  7.06e-07  9.91e-03  4.50e-13  2.26e-05]
 [ 2.15e-08 -9.90e-08  1.25e-08  1.19e-06  3.01e-07  6.87e-07 -8.90e-05  2.19e-06  1.63e-05 -3.99e-04 -2.37e-04 -8.41e-05 -2.59e-05 -1.78e-05
   4.08e-06 -1.70e-06 -1.26e-05  8.36e-06 -6.10e-10 -7.74e-09  4.11e-09  5.71e-05  7.06e-07  9.20e-09  5.92e-05  2.58e-15  1.61e-07]
  -4.20e+00  3.08e+00 -1.45e+01 -1.88e+01  6.31e-03  5.50e-03  3.90e-03 -2.31e+00 -2.54e-02 -3.99e-04 -2.21e+00 -7.92e-11 -6.91e-03]
 [-5.54e-04  2.34e-03 -1.60e-04 -2.95e-02 -7.18e-03 -1.97e-02  1.11e+00  1.21e+00 -1.03e+01  1.37e+02  9.68e+01  6.41e+01  3.30e+01 -1.24e+01
  -5.57e-01 -1.29e+00  1.35e+00  1.96e+00 -5.41e-05  8.18e-04  5.94e-04 -1.65e+00 -1.65e-02 -2.37e-04 -1.39e+00 -6.38e-11 -4.06e-03]
 [-1.96e-04  9.88e-04 -7.82e-06 -1.09e-02  1.74e-03 -8.72e-03 -2.39e+01  2.24e+00  2.04e+00 -2.10e+01  6.41e+01  1.09e+02  7.11e+01 -1.07e+01
  -7.47e-01 -4.86e-01  2.38e+00  3.89e+00  4.94e-04 -2.32e-03  4.02e-04 -7.40e-01 -6.58e-03 -8.41e-05 -5.35e-01 -2.37e-11  2.79e-04]
 [-6.03e-05  3.74e-04 -4.14e-05  5.34e-04  5.27e-03 -2.80e-03 -6.05e+01  1.01e+00  2.15e+00 -3.45e+01  3.30e+01  7.11e+01  1.21e+02 -9.43e+00
  -1.87e-02 -2.82e-01 -2.82e+00  1.27e+01  5.30e-04 -7.45e-03  7.88e-04 -2.40e-01 -2.54e-03 -2.59e-05 -2.02e-01  1.13e-12  3.33e-03]
 [-4.16e-05  1.68e-04 -1.43e-05 -4.52e-03 -3.32e-03 -1.88e-03 -1.48e+00  4.22e-02  1.63e-02 -1.19e+01 -1.24e+01 -1.07e+01 -9.43e+00  7.21e+00
   4.51e-02  3.94e-02 -2.99e-01 -7.65e-02  5.34e-05 -1.48e-04  1.27e-04 -1.64e-01 -1.21e-03 -1.78e-05 -1.03e-01 -9.80e-12 -2.15e-03]
 [ 9.51e-06  1.94e-05  3.60e-06 -2.43e-04  3.22e-04 -3.99e-06 -2.19e-01 -1.09e-02 -1.03e-01 -4.20e+00 -5.57e-01 -7.47e-01 -1.87e-02  4.51e-02
   3.48e+00  4.24e-01  1.70e-01  2.89e-01  2.92e-04 -3.10e-05 -2.34e-05 -1.96e-03 -3.77e-05  4.08e-06  2.94e-03 -5.40e-13  2.69e-05]
 [-3.96e-06  8.61e-05 -1.16e-05 -1.14e-03 -2.67e-04 -3.89e-04 -1.55e-01  8.59e-03  5.28e-03  3.08e+00 -1.29e+00 -4.86e-01 -2.82e-01  3.94e-02
   4.24e-01  3.28e+00  2.46e+00  1.82e+00 -2.84e-04 -2.18e-04 -4.00e-06 -3.47e-02 -5.33e-04 -1.70e-06 -3.81e-02 -2.47e-12 -2.57e-04]
 [-2.93e-05  2.38e-04  9.69e-06 -5.01e-03 -1.95e-03 -2.45e-03 -1.96e+00  1.10e-01  2.25e+00 -1.45e+01  1.35e+00  2.38e+00 -2.82e+00 -2.99e-01
   1.70e-01  2.46e+00  1.68e+01  2.51e+01 -2.42e-05  2.50e-03 -4.73e-05 -2.15e-01 -1.43e-03 -1.26e-05 -1.09e-01 -1.09e-11 -1.71e-03]
 [ 1.96e-05 -5.97e-05  5.51e-05 -9.94e-04 -3.22e-04 -1.06e-03 -1.80e+01  1.36e-01  2.00e+00 -1.88e+01  1.96e+00  3.89e+00  1.27e+01 -7.65e-02
   2.89e-01  1.82e+00  2.51e+01  5.32e+01  6.67e-05  4.47e-03  6.79e-04 -1.00e-01  6.09e-04  8.36e-06  5.81e-02 -2.31e-12 -7.63e-04]
 [-1.42e-09 -1.53e-08  2.59e-09 -1.31e-07 -2.53e-07 -1.49e-07 -3.39e-04  8.63e-06  1.57e-04  6.31e-03 -5.41e-05  4.94e-04  5.30e-04  5.34e-05
   2.92e-04 -2.84e-04 -2.42e-05  6.67e-05  5.94e-07 -1.78e-08 -2.24e-08 -1.34e-05  8.27e-08 -6.10e-10  5.01e-06 -2.91e-16 -1.75e-07]
 [-1.81e-08  6.25e-08  3.02e-09 -1.38e-06 -5.10e-07 -7.96e-07  4.61e-03 -2.56e-05 -4.26e-04  5.50e-03  8.18e-04 -2.32e-03 -7.45e-03 -1.48e-04
  -3.10e-05 -2.18e-04  2.50e-03  4.47e-03 -1.78e-08  2.12e-06  1.79e-08 -6.74e-05 -4.39e-07 -7.74e-09 -3.79e-05 -3.00e-15 -4.27e-07]
 [ 9.63e-09 -3.40e-07  5.50e-09  6.79e-06  7.22e-07 -2.15e-06  8.96e-04  1.11e-05 -6.39e-05  3.90e-03  5.94e-04  4.02e-04  7.88e-04  1.27e-04
  -2.34e-05 -4.00e-06 -4.73e-05  6.79e-04 -2.24e-08  1.79e-08  5.95e-06 -2.14e-04  1.91e-06  4.11e-09  1.33e-04  1.46e-14  1.79e-06]
 [ 1.33e-04 -1.78e-03  2.07e-04  3.58e-02  5.03e-03  2.03e-02 -7.04e-01  1.62e-02  4.96e-02 -2.31e+00 -1.65e+00 -7.40e-01 -2.40e-01 -1.64e-01
  -1.96e-03 -3.47e-02 -2.15e-01 -1.00e-01 -1.34e-05 -6.74e-05 -2.14e-04  1.84e+00  1.11e-02  5.71e-05  8.28e-01  7.73e-11  9.68e-03]
 [ 1.65e-06 -2.15e-05  2.05e-06  2.08e-04  5.39e-05  1.27e-04 -6.46e-03  2.05e-04  7.34e-04 -2.54e-02 -1.65e-02 -6.58e-03 -2.54e-03 -1.21e-03
  -3.77e-05 -5.33e-04 -1.43e-03  6.09e-04  8.27e-08 -4.39e-07  1.91e-06  1.11e-02  1.33e-04  7.06e-07  9.91e-03  4.50e-13  2.26e-05]
 [ 2.15e-08 -9.90e-08  1.25e-08  1.19e-06  3.01e-07  6.87e-07 -8.90e-05  2.19e-06  1.63e-05 -3.99e-04 -2.37e-04 -8.41e-05 -2.59e-05 -1.78e-05
   4.08e-06 -1.70e-06 -1.26e-05  8.36e-06 -6.10e-10 -7.74e-09  4.11e-09  5.71e-05  7.06e-07  9.20e-09  5.92e-05  2.58e-15  1.61e-07]
  -4.20e+00  3.08e+00 -1.45e+01 -1.88e+01  6.31e-03  5.50e-03  3.90e-03 -2.31e+00 -2.54e-02 -3.99e-04 -2.21e+00 -7.92e-11 -6.91e-03]
 [-5.54e-04  2.34e-03 -1.60e-04 -2.95e-02 -7.18e-03 -1.97e-02  1.11e+00  1.21e+00 -1.03e+01  1.37e+02  9.68e+01  6.41e+01  3.30e+01 -1.24e+01
  -5.57e-01 -1.29e+00  1.35e+00  1.96e+00 -5.41e-05  8.18e-04  5.94e-04 -1.65e+00 -1.65e-02 -2.37e-04 -1.39e+00 -6.38e-11 -4.06e-03]
 [-1.96e-04  9.88e-04 -7.82e-06 -1.09e-02  1.74e-03 -8.72e-03 -2.39e+01  2.24e+00  2.04e+00 -2.10e+01  6.41e+01  1.09e+02  7.11e+01 -1.07e+01
  -7.47e-01 -4.86e-01  2.38e+00  3.89e+00  4.94e-04 -2.32e-03  4.02e-04 -7.40e-01 -6.58e-03 -8.41e-05 -5.35e-01 -2.37e-11  2.79e-04]
 [-6.03e-05  3.74e-04 -4.14e-05  5.34e-04  5.27e-03 -2.80e-03 -6.05e+01  1.01e+00  2.15e+00 -3.45e+01  3.30e+01  7.11e+01  1.21e+02 -9.43e+00
  -1.87e-02 -2.82e-01 -2.82e+00  1.27e+01  5.30e-04 -7.45e-03  7.88e-04 -2.40e-01 -2.54e-03 -2.59e-05 -2.02e-01  1.13e-12  3.33e-03]
 [-4.16e-05  1.68e-04 -1.43e-05 -4.52e-03 -3.32e-03 -1.88e-03 -1.48e+00  4.22e-02  1.63e-02 -1.19e+01 -1.24e+01 -1.07e+01 -9.43e+00  7.21e+00
   4.51e-02  3.94e-02 -2.99e-01 -7.65e-02  5.34e-05 -1.48e-04  1.27e-04 -1.64e-01 -1.21e-03 -1.78e-05 -1.03e-01 -9.80e-12 -2.15e-03]
 [ 9.51e-06  1.94e-05  3.60e-06 -2.43e-04  3.22e-04 -3.99e-06 -2.19e-01 -1.09e-02 -1.03e-01 -4.20e+00 -5.57e-01 -7.47e-01 -1.87e-02  4.51e-02
   3.48e+00  4.24e-01  1.70e-01  2.89e-01  2.92e-04 -3.10e-05 -2.34e-05 -1.96e-03 -3.77e-05  4.08e-06  2.94e-03 -5.40e-13  2.69e-05]
 [-3.96e-06  8.61e-05 -1.16e-05 -1.14e-03 -2.67e-04 -3.89e-04 -1.55e-01  8.59e-03  5.28e-03  3.08e+00 -1.29e+00 -4.86e-01 -2.82e-01  3.94e-02
   4.24e-01  3.28e+00  2.46e+00  1.82e+00 -2.84e-04 -2.18e-04 -4.00e-06 -3.47e-02 -5.33e-04 -1.70e-06 -3.81e-02 -2.47e-12 -2.57e-04]
 [-2.93e-05  2.38e-04  9.69e-06 -5.01e-03 -1.95e-03 -2.45e-03 -1.96e+00  1.10e-01  2.25e+00 -1.45e+01  1.35e+00  2.38e+00 -2.82e+00 -2.99e-01
   1.70e-01  2.46e+00  1.68e+01  2.51e+01 -2.42e-05  2.50e-03 -4.73e-05 -2.15e-01 -1.43e-03 -1.26e-05 -1.09e-01 -1.09e-11 -1.71e-03]
 [ 1.96e-05 -5.97e-05  5.51e-05 -9.94e-04 -3.22e-04 -1.06e-03 -1.80e+01  1.36e-01  2.00e+00 -1.88e+01  1.96e+00  3.89e+00  1.27e+01 -7.65e-02
   2.89e-01  1.82e+00  2.51e+01  5.32e+01  6.67e-05  4.47e-03  6.79e-04 -1.00e-01  6.09e-04  8.36e-06  5.81e-02 -2.31e-12 -7.63e-04]
 [-1.42e-09 -1.53e-08  2.59e-09 -1.31e-07 -2.53e-07 -1.49e-07 -3.39e-04  8.63e-06  1.57e-04  6.31e-03 -5.41e-05  4.94e-04  5.30e-04  5.34e-05
   2.92e-04 -2.84e-04 -2.42e-05  6.67e-05  5.94e-07 -1.78e-08 -2.24e-08 -1.34e-05  8.27e-08 -6.10e-10  5.01e-06 -2.91e-16 -1.75e-07]
 [-1.81e-08  6.25e-08  3.02e-09 -1.38e-06 -5.10e-07 -7.96e-07  4.61e-03 -2.56e-05 -4.26e-04  5.50e-03  8.18e-04 -2.32e-03 -7.45e-03 -1.48e-04
  -3.10e-05 -2.18e-04  2.50e-03  4.47e-03 -1.78e-08  2.12e-06  1.79e-08 -6.74e-05 -4.39e-07 -7.74e-09 -3.79e-05 -3.00e-15 -4.27e-07]
 [ 9.63e-09 -3.40e-07  5.50e-09  6.79e-06  7.22e-07 -2.15e-06  8.96e-04  1.11e-05 -6.39e-05  3.90e-03  5.94e-04  4.02e-04  7.88e-04  1.27e-04
  -2.34e-05 -4.00e-06 -4.73e-05  6.79e-04 -2.24e-08  1.79e-08  5.95e-06 -2.14e-04  1.91e-06  4.11e-09  1.33e-04  1.46e-14  1.79e-06]
 [ 1.33e-04 -1.78e-03  2.07e-04  3.58e-02  5.03e-03  2.03e-02 -7.04e-01  1.62e-02  4.96e-02 -2.31e+00 -1.65e+00 -7.40e-01 -2.40e-01 -1.64e-01
  -1.96e-03 -3.47e-02 -2.15e-01 -1.00e-01 -1.34e-05 -6.74e-05 -2.14e-04  1.84e+00  1.11e-02  5.71e-05  8.28e-01  7.73e-11  9.68e-03]
 [ 1.65e-06 -2.15e-05  2.05e-06  2.08e-04  5.39e-05  1.27e-04 -6.46e-03  2.05e-04  7.34e-04 -2.54e-02 -1.65e-02 -6.58e-03 -2.54e-03 -1.21e-03
  -3.77e-05 -5.33e-04 -1.43e-03  6.09e-04  8.27e-08 -4.39e-07  1.91e-06  1.11e-02  1.33e-04  7.06e-07  9.91e-03  4.50e-13  2.26e-05]
 [ 2.15e-08 -9.90e-08  1.25e-08  1.19e-06  3.01e-07  6.87e-07 -8.90e-05  2.19e-06  1.63e-05 -3.99e-04 -2.37e-04 -8.41e-05 -2.59e-05 -1.78e-05
   4.08e-06 -1.70e-06 -1.26e-05  8.36e-06 -6.10e-10 -7.74e-09  4.11e-09  5.71e-05  7.06e-07  9.20e-09  5.92e-05  2.58e-15  1.61e-07]
 [ 1.38e-04 -1.57e-03  1.74e-04  1.58e-02  4.04e-03  9.53e-03 -5.42e-01  1.67e-02  6.95e-02 -2.21e+00 -1.39e+00 -5.35e-01 -2.02e-01 -1.03e-01
 [ 1.38e-04 -1.57e-03  1.74e-04  1.58e-02  4.04e-03  9.53e-03 -5.42e-01  1.67e-02  6.95e-02 -2.21e+00 -1.39e+00 -5.35e-01 -2.02e-01 -1.03e-01
 [ 1.38e-04 -1.57e-03  1.74e-04  1.58e-02  4.04e-03  9.53e-03 -5.42e-01  1.67e-02  6.95e-02 -2.21e+00 -1.39e+00 -5.35e-01 -2.02e-01 -1.03e-01
 [ 1.38e-04 -1.57e-03  1.74e-04  1.58e-02  4.04e-03  9.53e-03 -5.42e-01  1.67e-02  6.95e-02 -2.21e+00 -1.39e+00 -5.35e-01 -2.02e-01 -1.03e-01
   2.94e-03 -3.81e-02 -1.09e-01  5.81e-02  5.01e-06 -3.79e-05  1.33e-04  8.28e-01  9.91e-03  5.92e-05  7.49e-01  3.42e-11  1.86e-03]
 [ 6.02e-15 -7.12e-14  9.23e-15  1.57e-12  2.04e-13  8.55e-13 -2.99e-11  8.79e-13  9.97e-13 -7.92e-11 -6.38e-11 -2.37e-11  1.13e-12 -9.80e-12
  -5.40e-13 -2.47e-12 -1.09e-11 -2.31e-12 -2.91e-16 -3.00e-15  1.46e-14  7.73e-11  4.50e-13  2.58e-15  3.42e-11  3.40e-21  4.44e-13]
 [ 3.77e-07 -3.08e-06  1.21e-06  2.05e-04  1.66e-05  1.05e-04 -3.66e-03  1.16e-04 -2.40e-04 -6.91e-03 -4.06e-03  2.79e-04  3.33e-03 -2.15e-03
   2.69e-05 -2.57e-04 -1.71e-03 -7.63e-04 -1.75e-07 -4.27e-07  1.79e-06  9.68e-03  2.26e-05  1.61e-07  1.86e-03  4.44e-13  7.78e-05]]

First treatment (scaling)
['omega_b', 'omega_cdm', '100*theta_s', 'ln10^{10}A_s', 'n_s', 'tau_reio', 'A_cib_217', 'xi_sz_cib', 'A_sz', 'ps_A_100_100', 'ps_A_143_143', 'ps_A_143_217', 'ps_A_217_217', 'ksz_norm', 'gal545_A_100', 'gal545_A_143', 'gal545_A_143_217', 'gal545_A_217', 'calib_100T', 'calib_217T', 'A_planck', 'z_reio', 'Omega_Lambda', 'YHe', 'H0', 'A_s', 'sigma8']
[[ 5.02e-08 -2.31e-07  2.93e-08  2.78e-06  7.03e-07  1.61e-06 -2.08e-04  5.13e-06  3.81e-05 -9.33e-04 -5.54e-04 -1.96e-04 -6.03e-05 -4.16e-05
   9.51e-06 -3.96e-06 -2.93e-05  1.96e-05 -1.42e-06 -1.81e-05  9.63e-07  1.33e-04  1.65e-06  2.15e-08  1.38e-04  6.02e-15  3.77e-07]
 [-2.31e-07  3.57e-06 -2.43e-07 -3.29e-05 -8.68e-06 -2.03e-05  9.23e-04 -3.01e-05 -8.32e-05  3.37e-03  2.34e-03  9.88e-04  3.74e-04  1.68e-04
   1.94e-05  8.61e-05  2.38e-04 -5.97e-05 -1.53e-05  6.25e-05 -3.40e-05 -1.78e-03 -2.15e-05 -9.90e-08 -1.57e-03 -7.12e-14 -3.08e-06]
 [ 2.93e-08 -2.43e-07  1.81e-07  4.26e-06  8.38e-07  2.33e-06 -6.45e-05  3.64e-06  1.56e-05 -4.69e-04 -1.60e-04 -7.82e-06 -4.14e-05 -1.43e-05
   3.60e-06 -1.16e-05  9.69e-06  5.51e-05  2.59e-06  3.02e-06  5.50e-07  2.07e-04  2.05e-06  1.25e-08  1.74e-04  9.23e-15  1.21e-06]
 [ 2.78e-06 -3.29e-05  4.26e-06  7.27e-04  9.43e-05  3.95e-04 -1.38e-02  4.07e-04  4.61e-04 -3.66e-02 -2.95e-02 -1.09e-02  5.34e-04 -4.52e-03
  -2.43e-04 -1.14e-03 -5.01e-03 -9.94e-04 -1.31e-04 -1.38e-03  6.79e-04  3.58e-02  2.08e-04  1.19e-06  1.58e-02  1.57e-12  2.05e-04]
 [ 7.03e-07 -8.68e-06  8.38e-07  9.43e-05  3.28e-05  5.74e-05 -6.52e-03  2.30e-04 -6.99e-06 -2.26e-02 -7.18e-03  1.74e-03  5.27e-03 -3.32e-03
   3.22e-04 -2.67e-04 -1.95e-03 -3.22e-04 -2.53e-04 -5.10e-04  7.22e-05  5.03e-03  5.39e-05  3.01e-07  4.04e-03  2.04e-13  1.66e-05]
 [ 1.61e-06 -2.03e-05  2.33e-06  3.95e-04  5.74e-05  2.24e-04 -8.26e-03  1.92e-04  6.50e-04 -2.79e-02 -1.97e-02 -8.72e-03 -2.80e-03 -1.88e-03
  -3.99e-06 -3.89e-04 -2.45e-03 -1.06e-03 -1.49e-04 -7.96e-04 -2.15e-04  2.03e-02  1.27e-04  6.87e-07  9.53e-03  8.55e-13  1.05e-04]
 [-2.08e-04  9.23e-04 -6.45e-05 -1.38e-02 -6.52e-03 -8.26e-03  4.50e+01 -6.25e-01 -1.73e+00  4.90e+01  1.11e+00 -2.39e+01 -6.05e+01 -1.48e+00
  -2.19e-01 -1.55e-01 -1.96e+00 -1.80e+01 -3.39e-01  4.61e+00  8.96e-02 -7.04e-01 -6.46e-03 -8.90e-05 -5.42e-01 -2.99e-11 -3.66e-03]
 [ 5.13e-06 -3.01e-05  3.64e-06  4.07e-04  2.30e-04  1.92e-04 -6.25e-01  7.92e-02 -8.28e-02 -6.06e-01  1.21e+00  2.24e+00  1.01e+00  4.22e-02
  -1.09e-02  8.59e-03  1.10e-01  1.36e-01  8.63e-03 -2.56e-02  1.11e-03  1.62e-02  2.05e-04  2.19e-06  1.67e-02  8.79e-13  1.16e-04]
 [ 3.81e-05 -8.32e-05  1.56e-05  4.61e-04 -6.99e-06  6.50e-04 -1.73e+00 -8.28e-02  4.13e+00 -3.76e+01 -1.03e+01  2.04e+00  2.15e+00  1.63e-02
  -1.03e-01  5.28e-03  2.25e+00  2.00e+00  1.57e-01 -4.26e-01 -6.39e-03  4.96e-02  7.34e-04  1.63e-05  6.95e-02  9.97e-13 -2.40e-04]
 [-9.33e-04  3.37e-03 -4.69e-04 -3.66e-02 -2.26e-02 -2.79e-02  4.90e+01 -6.06e-01 -3.76e+01  9.11e+02  1.37e+02 -2.10e+01 -3.45e+01 -1.19e+01
  -4.20e+00  3.08e+00 -1.45e+01 -1.88e+01  6.31e+00  5.50e+00  3.90e-01 -2.31e+00 -2.54e-02 -3.99e-04 -2.21e+00 -7.92e-11 -6.91e-03]
 [-5.54e-04  2.34e-03 -1.60e-04 -2.95e-02 -7.18e-03 -1.97e-02  1.11e+00  1.21e+00 -1.03e+01  1.37e+02  9.68e+01  6.41e+01  3.30e+01 -1.24e+01
  -5.57e-01 -1.29e+00  1.35e+00  1.96e+00 -5.41e-02  8.18e-01  5.94e-02 -1.65e+00 -1.65e-02 -2.37e-04 -1.39e+00 -6.38e-11 -4.06e-03]
   2.94e-03 -3.81e-02 -1.09e-01  5.81e-02  5.01e-06 -3.79e-05  1.33e-04  8.28e-01  9.91e-03  5.92e-05  7.49e-01  3.42e-11  1.86e-03]
 [ 6.02e-15 -7.12e-14  9.23e-15  1.57e-12  2.04e-13  8.55e-13 -2.99e-11  8.79e-13  9.97e-13 -7.92e-11 -6.38e-11 -2.37e-11  1.13e-12 -9.80e-12
  -5.40e-13 -2.47e-12 -1.09e-11 -2.31e-12 -2.91e-16 -3.00e-15  1.46e-14  7.73e-11  4.50e-13  2.58e-15  3.42e-11  3.40e-21  4.44e-13]
 [ 3.77e-07 -3.08e-06  1.21e-06  2.05e-04  1.66e-05  1.05e-04 -3.66e-03  1.16e-04 -2.40e-04 -6.91e-03 -4.06e-03  2.79e-04  3.33e-03 -2.15e-03
   2.69e-05 -2.57e-04 -1.71e-03 -7.63e-04 -1.75e-07 -4.27e-07  1.79e-06  9.68e-03  2.26e-05  1.61e-07  1.86e-03  4.44e-13  7.78e-05]]

First treatment (scaling)
['omega_b', 'omega_cdm', '100*theta_s', 'ln10^{10}A_s', 'n_s', 'tau_reio', 'A_cib_217', 'xi_sz_cib', 'A_sz', 'ps_A_100_100', 'ps_A_143_143', 'ps_A_143_217', 'ps_A_217_217', 'ksz_norm', 'gal545_A_100', 'gal545_A_143', 'gal545_A_143_217', 'gal545_A_217', 'calib_100T', 'calib_217T', 'A_planck', 'z_reio', 'Omega_Lambda', 'YHe', 'H0', 'A_s', 'sigma8']
[[ 5.02e-08 -2.31e-07  2.93e-08  2.78e-06  7.03e-07  1.61e-06 -2.08e-04  5.13e-06  3.81e-05 -9.33e-04 -5.54e-04 -1.96e-04 -6.03e-05 -4.16e-05
   9.51e-06 -3.96e-06 -2.93e-05  1.96e-05 -1.42e-06 -1.81e-05  9.63e-07  1.33e-04  1.65e-06  2.15e-08  1.38e-04  6.02e-15  3.77e-07]
 [-2.31e-07  3.57e-06 -2.43e-07 -3.29e-05 -8.68e-06 -2.03e-05  9.23e-04 -3.01e-05 -8.32e-05  3.37e-03  2.34e-03  9.88e-04  3.74e-04  1.68e-04
   1.94e-05  8.61e-05  2.38e-04 -5.97e-05 -1.53e-05  6.25e-05 -3.40e-05 -1.78e-03 -2.15e-05 -9.90e-08 -1.57e-03 -7.12e-14 -3.08e-06]
 [ 2.93e-08 -2.43e-07  1.81e-07  4.26e-06  8.38e-07  2.33e-06 -6.45e-05  3.64e-06  1.56e-05 -4.69e-04 -1.60e-04 -7.82e-06 -4.14e-05 -1.43e-05
